
strategic_region={
	id=100
	name="STRATEGICREGION_100"
	provinces={
		208 261 411 433 450 506 507 642 1526 1703 1780 1805 1840 2350 2585 2767 3319 3327 3636 3646 3715 3742 3825 3904 4006 4276 4340 4378 4453 4540 4701 4762 4929 5178 5291 5334 5389 5797 5950 5987 6149 6349 6606 6788 6925 6979 7070 7109 7280 7375 7515 7571 7703 7927 8141 8266 8340 8412 8434 8617 8742 8954 9161 9261 9330 9461 9466 9503 9537 9630 9647 9779 9881 9888 10030 10124 10200 10292 10451 10522 10585 10741 11019 11050 11194 11315 11365 11550 11630 11737 11952 11983 11984 12012 12613 12632 12701 12931 13012 13015 13240 13331 13403 13529 13546 13636 13661 16418 16429 16453 16471 16492 16498 16520 16578 16579 16595 16598 16604 16616 16617 16635 16639 16655 16665 16666 16667 16675 16678 16684 16693 16738 16748 16764 16768 16770 16782 16785 16790 16808 16814 16816 16825 16832 16844 16847 16856 16879 16880 16892 16893 16896 16908 16923 16924 16927 16928 16930 16937 16963 16980 16995 17003 17011 17018 17056 17057 17065 17125 17180 17232 20605 20606 20608 20609 20611 20615 20652 20653 20654 20655 20656 20657 
	}
	weather={
	}
}
