
strategic_region={
	id=101
	name="STRATEGICREGION_101"
	provinces={
		60 399 573 575 690 778 924 1400 1426 1575 1813 2087 2094 2257 2296 2319 2478 2616 2700 2811 3022 3042 3240 3480 3592 3624 3744 3891 4161 4202 4280 4288 4513 4567 4616 4997 5191 5321 5322 5634 5684 5808 5988 6024 6116 6192 6194 6474 6816 6861 7048 7084 7162 7642 7652 7724 7902 7911 8035 8132 8198 8301 8364 8406 8696 8745 9006 9060 9157 9259 9344 9400 9465 9470 9704 9745 9837 9855 9867 10106 10248 10294 10560 10612 10743 10798 10920 10949 11163 11202 11269 11317 11697 11749 11829 12019 12089 12212 12226 12342 12436 12559 12717 12742 12836 12855 12958 13093 13249 13267 13272 13444 13446 13637 13663 13703 15526 15621 15625 15652 15663 15692 15734 15737 15759 15774 15784 15789 15794 15803 15816 15821 15823 15824 15828 15839 15841 15842 15849 15862 15869 15872 15881 15905 15909 15915 15917 15926 15939 15944 15945 15946 15952 15953 15960 15983 15986 16014 16017 16021 16023 16050 16062 16080 16096 16119 16138 16146 16170 16193 16203 16211 16218 16298 16318 16321 16353 16366 16371 16412 16437 16454 16499 16552 20621 
	}
	weather={
	}
}
