
strategic_region={
	id=102
	name="STRATEGICREGION_102"
	provinces={
		36 52 153 471 627 815 936 949 1551 1947 2113 2129 2143 2263 2504 2598 2862 2930 3083 3149 3272 3428 3672 3675 3689 3707 3852 3865 3879 3967 3977 4044 4125 4141 4299 4640 4658 5128 5152 5602 5687 5815 6135 6442 6596 6617 6708 6943 7311 7619 7702 7829 7872 8056 8094 8312 8360 8473 8491 8633 8809 8904 8912 8970 8992 9237 9280 9281 9315 9336 9404 9473 9507 9607 9650 9663 9701 9829 9914 10101 10218 10459 10625 10703 10726 10801 10832 10915 10968 11126 11145 11227 11444 11611 11689 11705 11745 11949 11975 12007 12125 12164 12181 12207 12673 12684 12752 12778 12815 12949 12987 13011 13086 13204 13246 13320 13543 13583 13587 13630 13694 15166 15172 15174 15207 15208 15210 15215 15217 15229 15235 15236 15255 15267 15271 15274 15285 15288 15289 15297 15306 15317 15325 15329 15337 15341 15343 15358 15362 15363 15364 15371 15376 15398 15406 15417 15421 15423 15426 15427 15435 15436 15449 15454 15460 15472 15481 15492 15496 15497 15505 15528 15529 15535 15539 15542 15544 15560 15563 15571 15579 15586 15604 15616 15624 15628 15631 15634 15635 15736 15778 15779 15787 15808 15820 15846 20587 20588 
	}
	weather={
	}
}
