
strategic_region={
	id=103
	name="STRATEGICREGION_103"
	provinces={
		81 168 348 461 524 606 641 688 735 821 906 927 994 1029 1038 1187 1282 1323 1441 1514 1915 1939 2099 2446 2590 2603 2661 2912 3197 3211 3285 3368 3449 4078 4208 4257 4275 4359 4423 4478 4655 4755 4839 4851 4909 4972 4975 4988 5210 5234 5286 5363 5662 5771 5861 6071 6162 6219 6275 6670 6827 6834 7129 7403 7449 7493 7687 7860 7890 7985 8029 8045 8227 8348 8649 8746 8887 9236 9303 9484 9527 9530 9625 9676 9786 9791 9917 9931 9947 9963 9970 10083 10122 10143 10346 10478 10562 10641 10677 10694 10758 10827 10872 10928 10993 11016 11113 11132 11155 11471 11568 11600 11702 11731 11795 11905 12062 12194 12235 12285 12359 12374 12462 12669 13087 13150 13187 13278 13393 13415 13510 13575 14712 14739 14755 14782 14841 14866 14875 14878 14887 14895 14897 14914 14920 14921 14928 14941 14946 14953 14954 14958 14974 14986 14991 14992 15013 15016 15021 15028 15032 15033 15043 15044 15052 15069 15072 15079 15081 15092 15098 15112 15113 15125 15127 15128 15131 15138 15154 15161 15175 15177 15184 15185 15186 15190 15201 15211 15216 15225 15226 15230 15238 15244 15245 15261 15262 15298 15299 15312 15323 15333 15334 15342 15353 15384 15388 15405 15413 15439 20204 20276 20277 20483 
	}
	weather={
	}
}
