
strategic_region={
	id=104
	name="STRATEGICREGION_104"
	provinces={
		105 213 803 824 872 1013 1021 1806 1824 1884 2019 2323 2334 2445 2572 2644 3210 3800 3941 4036 4163 4493 4725 4812 4900 4906 4911 4952 5171 5266 5782 6150 6236 6444 6693 6785 6824 7052 7922 8297 8577 8614 8639 8737 8798 8950 9021 9211 9497 9690 9827 9835 9978 9997 10176 10348 10367 10505 10558 10845 10975 11209 11290 11420 11426 11428 11462 11628 11866 11963 11967 12013 12076 12240 12388 12477 12482 12532 12588 12618 12746 12782 12803 12912 13033 13114 13157 13369 13422 13468 13525 16123 16166 16184 16204 16238 16244 16248 16264 16278 16282 16287 16288 16297 16319 16333 16344 16362 16369 16383 16386 16396 16446 16452 16465 16468 16485 16491 16506 16516 16518 16534 16537 16541 16542 16549 16557 16569 16577 16591 16602 16607 16612 16615 16623 16647 16653 16654 16657 16663 16691 16699 16705 16709 16736 16745 16772 16794 16801 16831 16864 16871 16915 16956 20612 20613 20614 20618 
	}
	weather={
	}
}
