
strategic_region={
	id=105
	name="STRATEGICREGION_105"
	provinces={
		436 500 501 629 661 715 846 998 1124 1223 1259 1401 1556 1661 1713 1975 2524 2534 2747 2970 3099 3111 3490 3736 3822 4003 4204 4220 4252 4260 4414 4430 4490 4543 4707 4837 5177 5235 5251 5277 5466 5472 5650 5655 5971 5990 5994 6010 6073 6202 6255 6438 6450 6455 6551 6637 6699 6871 6881 6965 7066 7178 7241 7283 7396 7673 7697 7737 7816 8031 8103 8129 8236 8286 8368 8494 8545 8567 9286 9483 9585 9673 9896 10149 10221 10231 10327 10453 10485 10688 10706 10817 11001 11020 11035 11129 11181 11525 11582 11641 11899 11923 12115 12176 12205 12361 12371 12439 12558 12726 12824 12863 12866 13116 13123 13291 13485 13524 13536 13576 13594 13669 16558 16593 16603 16692 16706 16710 16716 16769 16777 16789 16804 16807 16813 16835 16840 16852 16853 16859 16891 16899 16900 16907 16912 16918 16925 16936 16947 16979 16992 16993 17016 17017 17023 17026 17031 17033 17041 17060 17062 17063 17067 17074 17075 17083 17087 17097 17114 17117 17136 17160 17162 17178 17179 17187 17190 17195 17196 17204 17207 17208 17215 17221 17237 17254 17257 17264 17271 17273 17287 17291 17292 17317 17342 17349 17359 17367 17385 20600 20603 20604 20607 20610 
	}
	weather={
	}
}
