
strategic_region={
	id=106
	name="STRATEGICREGION_106"
	provinces={
		100 178 372 883 1704 1942 2037 2130 2196 2823 2918 2969 3352 3401 3553 3716 3726 3797 3799 4278 4368 4572 4681 4730 4774 5136 5216 5378 6152 6324 6541 6563 6621 6702 6825 6880 6895 6954 7152 7330 7369 7406 7566 7721 8074 8220 8497 8527 8598 8717 8830 8918 8934 9128 9145 9480 9675 9753 9759 10217 10704 10727 10768 10769 10875 11093 11153 11291 11302 11314 11502 11936 12051 12324 12396 12413 12546 12626 12672 12754 12774 12846 13310 13471 13533 17277 17304 17319 17330 17353 17386 17389 17390 17410 17411 17416 17418 17425 17427 17432 17436 17440 17448 17466 17467 17472 17484 17486 17497 17515 17516 17524 17532 17545 17563 17584 17593 17608 17609 17615 17629 17648 17658 17677 17705 17735 17764 17828 20629 20630 20634 
	}
	weather={
	}
}
