
strategic_region={
	id=109
	name="STRATEGICREGION_109"
	provinces={
		266 557 648 685 916 1172 1247 1365 1440 1657 1683 1827 1877 1891 2254 2863 3087 3357 3419 3779 4128 4259 4313 4445 4505 4742 4769 4981 5349 5400 5618 5842 6276 7110 7370 7488 7636 8015 8390 8692 9030 9174 9186 9290 9926 10154 10191 10281 10616 11834 11851 12035 12279 12386 12892 13029 15340 15387 15420 15443 15444 15597 15612 15633 15696 15723 15782 15801 15814 15819 15835 15874 20206 20310 20505 20506 20779 20784 20786 20788 20790 20792 
	}
	weather={
	}
}
