
strategic_region={
	id=110
	name="STRATEGICREGION_110"
	provinces={
		107 147 659 672 981 1097 1391 1473 1731 1803 1943 2682 2929 3461 3545 3696 4109 4182 4216 4330 4578 4777 5237 5454 5494 5500 5530 5717 5778 5918 6181 6237 6662 7197 7319 7340 7384 7808 7811 8139 8515 8634 8808 9019 9059 9238 9311 9494 9510 10108 10274 10343 10368 10372 10412 10531 10590 10833 10973 11201 11305 11452 11655 11759 11929 12154 12185 12293 12303 12533 12629 12847 12943 12954 13327 13328 13417 13445 13450 15643 15685 15705 15731 15764 15783 15854 15868 15880 15888 15899 15910 15935 15951 15970 16011 16063 16064 16068 16106 16109 16122 16148 16162 16208 16231 19533 20509 20619 20628 20750 20755 20785 20787 
	}
	weather={
	}
}
