
strategic_region={
	id=111
	name="STRATEGICREGION_111"
	provinces={
		132 477 738 748 1119 1342 1435 1886 2330 2351 2390 2687 2885 2932 3027 3029 3174 3203 3224 3600 4169 4317 4967 5704 5767 5787 5946 6128 6223 6440 6499 7118 7168 7540 7739 7776 7878 8395 8602 8645 8725 8767 8902 9025 9146 9258 9401 9438 9557 9624 9685 9893 9918 10016 10019 10152 10313 10350 10449 10493 10790 10846 10999 11005 11171 11253 11294 11403 11518 11676 11885 12299 12334 12580 12709 12930 13001 13028 13233 13268 13299 13361 13435 13508 13591 13682 13695 15525 15566 15576 15585 15600 15603 15613 15614 15619 15627 15640 15645 15651 15657 15662 15665 15674 15682 15683 15732 15739 15749 15756 15765 15766 15773 15777 15793 15796 15799 15802 15805 15827 15831 15848 15852 15855 15876 15908 15936 15943 15971 15985 19097 19311 19350 19392 19400 19444 19531 20620 20622 20623 20624 20625 20626 
	}
	weather={
	}
}
