
strategic_region={
	id=113
	name="STRATEGICREGION_113"
	provinces={
		277 318 357 1246 1253 1354 1419 2042 2140 2442 2875 2952 2999 3208 3408 3954 3987 4002 4017 4267 4381 4663 4878 4890 4989 5284 5292 5329 5646 5694 5881 6009 6377 6403 6471 6485 7012 7091 7609 7656 8247 8283 8421 8611 9195 9227 9353 9485 9762 9836 10040 10430 10552 11091 11259 11298 11553 11820 11853 11922 12306 12446 12457 12623 12785 12907 12939 13285 16662 16712 16750 16787 16793 16822 16890 16898 16942 16946 16969 16970 17010 17022 17106 17112 17113 17186 17194 17211 17243 17327 17328 17355 20599 20758 20760 20763 20765 
	}
	weather={
	}
}
