
strategic_region={
	id=116
	name="STRATEGICREGION_116"
	provinces={
		106 129 228 420 470 523 555 854 914 1352 1384 1488 1516 2347 2386 2461 2575 2724 2794 2835 2874 3154 3205 3330 3399 3524 3839 4234 4486 4932 5278 5402 5421 5578 5590 5603 6176 6342 6503 6592 6664 6710 7101 7147 7333 7847 7900 8760 8840 9366 9535 9645 9849 10142 10161 10301 10738 10825 10970 11107 11564 11581 12255 12567 12967 13273 13619 17242 17352 17424 17465 17478 17492 17496 17535 17581 17589 17617 17633 17640 17716 17721 17734 17807 17865 20528 20762 20764 20794 20795 20796 20813 20814 20815 20816 20818 
	}
	weather={
	}
}
