
strategic_region={
	id=117
	name="STRATEGICREGION_117"
	provinces={
		270 567 568 699 840 917 1113 1185 1393 1394 1399 1480 1800 2116 2139 2155 2311 2381 2460 2482 2589 2600 2671 2720 2904 3093 3535 3567 3717 3845 3890 3943 4038 4072 4191 4557 5019 5524 5998 6018 6035 6182 6231 6347 6605 6724 6760 6966 7006 7031 7228 7275 7362 7557 7655 7825 7931 7990 8303 8381 8528 8642 8661 8806 8810 8850 8943 9133 9273 9419 9429 9608 9705 9709 9756 9860 9892 10123 10164 10310 10617 11176 11210 11339 11744 11836 11849 12059 12174 12177 12200 12461 12790 12878 12947 13004 13200 13463 13653 17171 17219 17275 17284 17308 17335 17351 17371 17380 17409 17421 17485 17493 17527 17528 17539 17571 17572 17582 17599 17610 17625 17641 17646 17670 17672 17673 17690 17714 17722 17740 17743 17748 17765 17774 17783 17794 17803 17804 17805 17808 17809 17818 17838 17845 17854 17866 17867 17880 17889 20529 20665 20666 20667 
	}
	weather={
	}
}
