
strategic_region={
	id=118
	name="STRATEGICREGION_118"
	provinces={
		181 212 263 752 888 890 954 1067 1182 1563 1606 1658 1903 2114 2608 2853 2937 3123 3156 3176 3514 3609 3617 3713 3774 3878 3880 4045 4063 4246 4735 5259 5345 5364 5525 5838 5875 6478 6558 6726 6838 6872 7158 7169 7217 7286 7302 7316 7356 7442 7470 7556 7648 7671 7867 7933 8222 8321 8383 8493 8521 8704 8801 8854 8946 9092 9283 9516 9956 10349 10354 10479 10642 10689 11265 11276 11435 11500 11565 11895 12045 12069 12128 12571 12602 12721 12733 12823 12842 12843 12945 13068 13091 13179 13560 13647 13651 13707 17182 17213 17223 17234 17251 17274 17289 17312 17322 17341 17348 17360 17391 17420 17428 17429 17449 17477 17510 17534 17536 17543 17552 17566 17613 17624 17644 17645 17654 17655 17656 17665 17671 17681 17685 17693 17695 17709 17719 17726 17727 17746 17747 17759 17760 17772 17789 17797 17802 17813 17817 17822 17830 17831 17843 17844 17850 17851 17879 17885 17893 17914 17923 17928 17953 20662 20663 20668 20669 
	}
	weather={
	}
}
