
strategic_region={
	id=119
	name="STRATEGICREGION_119"
	provinces={
		76 217 227 389 603 775 1198 1576 1791 2035 2048 2066 2277 2509 2890 3236 3467 3556 3654 3944 3970 3994 4531 4550 4605 5015 5160 5167 5183 5285 5303 5408 5433 5706 5849 5865 5869 6119 6170 6220 6265 6268 6376 6614 6697 6745 6924 6999 7063 7065 7430 7489 7670 7882 8055 8248 8289 8583 8652 8842 8860 9077 9107 9136 9451 9521 9613 9655 9811 9915 9946 10069 10338 10371 10425 10618 10725 10763 10946 11027 11173 11193 11336 11380 11392 11537 11595 11682 11740 11779 11850 11976 12050 12071 12275 12284 12440 12575 12595 12665 12677 12699 12801 12802 12819 13120 13201 13680 13691 17013 17021 17025 17042 17068 17099 17107 17108 17126 17131 17132 17145 17150 17152 17163 17164 17181 17192 17199 17212 17226 17240 17250 17256 17270 17279 17282 17288 17295 17306 17311 17318 17325 17331 17344 17347 17350 17357 17376 17384 17399 17412 17443 17444 17446 17476 17479 17505 17509 17570 17575 17579 17587 17623 17630 17643 17653 17669 17718 17728 17778 17796 17816 20658 20659 20660 20661 20664 20678 
	}
	weather={
	}
}
