
strategic_region={
	id=120
	name="STRATEGICREGION_120"
	provinces={
		19 110 203 638 657 677 739 881 1224 1233 1722 1750 1831 1910 1917 2080 2089 2090 2518 2544 2637 2699 2738 2802 2804 3033 3115 3130 3131 3420 3838 3962 3975 4364 4458 4807 4856 4943 5001 5280 5346 5649 5737 5973 6030 6714 7145 7253 7272 7458 7499 7777 7909 8111 8893 8937 8941 9002 9112 9228 9354 9376 9533 9602 9656 9708 10060 10311 10312 10347 10815 10923 11053 11255 11306 11352 11404 11560 11566 11878 12006 12161 12358 12518 12959 12962 12971 13075 13077 13416 13474 13699 13705 14714 14715 14749 14757 14761 14762 14766 14781 14795 14797 14800 14803 14807 14833 14838 14859 14883 14889 14907 14918 14925 14939 14949 14950 14961 14971 14988 14998 15009 15029 15039 15042 15046 15050 15053 15058 15065 15078 15086 15095 15106 15114 15126 15130 15145 15169 15181 15192 15212 15218 15237 15272 15280 20456 20465 20468 20470 
	}
	weather={
	}
}
