
strategic_region={
	id=121
	name="STRATEGICREGION_121"
	provinces={
		66 99 479 1305 1379 1717 1860 1869 1878 1896 2017 2142 2533 3094 3212 3325 3441 3525 3834 3863 4067 4099 4127 4249 4374 4390 4475 4819 4824 5016 5244 5287 5417 5622 5702 5718 5775 5938 5980 6066 6164 6272 6296 6393 6488 6641 6689 6873 7270 7505 7562 7612 7637 7653 7746 7763 7908 7916 8014 8020 8352 8564 8595 8615 8667 8683 9229 9242 9459 10053 10112 10277 10293 10324 10579 10606 10695 10810 10905 11082 11264 11405 11709 12216 12421 12424 12563 12633 12687 12703 12883 13008 13059 13132 13199 13225 13250 13290 13306 13366 13551 14996 15019 15107 15136 15140 15167 15187 15206 15246 15250 15282 15286 15293 15314 15326 15331 15366 15385 15400 15408 15433 15440 15441 15447 15464 15500 15507 15508 15515 15540 15541 15545 15550 15555 15567 15573 15590 15594 15595 15610 15617 15632 15653 15673 15680 15693 15697 15703 15712 15724 15744 15761 15800 15843 15870 19216 20486 20488 20492 20495 20499 20932 
	}
	weather={
	}
}
