
strategic_region={
	id=122
	name="STRATEGICREGION_122"
	provinces={
		136 254 278 351 515 682 830 891 1062 1439 1583 1696 2186 2314 2493 2808 2888 3011 3053 3062 3230 3266 3311 3569 3571 3659 3867 3916 4001 4027 4298 4314 4424 4715 4814 4941 5081 5131 5498 5541 5546 5560 5818 6117 6387 6526 6653 6840 6892 7044 7611 7877 7898 7920 7947 7959 8064 8532 9220 9365 9373 9458 9472 9686 9735 9771 9819 9834 9856 9950 10534 10547 11131 11175 11400 11766 11791 11926 12218 12272 12401 12488 12638 12655 12678 12720 12881 13309 13423 13584 13613 14640 14687 14699 14726 14736 14742 14746 14748 14756 14774 14778 14785 14791 14796 14799 14816 14822 14823 14832 14840 14852 14855 14858 14880 14891 14903 14917 14924 14929 14934 14936 14966 14967 14987 15004 15024 15026 15045 15048 15057 15073 15074 15083 15084 15085 15099 15101 15103 15129 15139 15159 15191 15202 15204 15290 15346 20306 20490 
	}
	weather={
	}
}
