
strategic_region={
	id=123
	name="STRATEGICREGION_123"
	provinces={
		247 368 1025 1162 1381 1456 1552 1816 1881 2125 2621 2779 2855 2895 2944 2958 3237 3245 3364 3621 3644 3671 3905 3969 3974 4502 4624 4733 5096 5499 5678 5738 5827 5841 5961 6029 6472 6570 6624 6669 6817 7017 7028 7092 7247 7480 7596 7639 7701 7928 8041 8512 8581 8603 8689 8709 8921 8984 9010 9178 9406 9639 9724 9831 9847 9854 10036 10085 10118 10121 10213 10398 10571 10785 10918 10941 11067 11229 11233 11275 11359 11366 11461 11475 11847 12344 12430 12432 12874 12880 12952 12957 12972 13099 13183 13333 13352 13511 13586 13588 13589 15265 15275 15279 15313 15315 15324 15330 15335 15359 15372 15377 15378 15393 15397 15399 15422 15429 15437 15446 15456 15468 15476 15486 15506 15513 15521 15549 15553 15562 15568 15581 15589 15593 15601 15609 15611 15626 15637 15678 15698 15708 15711 15720 15729 15733 15738 15757 15770 15775 15806 15836 15847 15877 15878 15918 15920 15921 15938 15940 19118 20489 20580 20581 20582 20583 20584 
	}
	weather={
	}
}
