
strategic_region={
	id=124
	name="STRATEGICREGION_124"
	provinces={
		64 67 117 319 628 692 693 1387 1504 1738 2349 2387 2418 2440 2923 3013 3468 3703 3765 3861 3864 3932 4064 4170 4240 4253 4328 4361 4385 4765 4843 4859 5130 5194 5443 5446 5489 5520 5536 5565 5626 5699 5727 5763 5800 5813 5897 6367 6459 6701 6735 6909 6922 7045 7057 7090 7281 7414 7432 7613 7692 7720 8011 8091 8123 8277 8537 8601 8607 8622 8678 8944 8957 8998 9034 9083 9093 9122 9141 9198 9225 9322 9405 9431 9469 9574 9596 9600 9680 9790 9850 9861 10094 10120 10434 10610 10900 11152 11221 11232 11337 11340 11459 11605 11646 11715 12092 12136 12229 12277 12329 12627 12636 12651 12681 12737 12827 13021 13110 13139 13304 13311 13322 13348 13395 13458 13505 13526 13530 13559 13611 13702 14117 15655 15666 15667 15694 15699 15709 15714 15725 15740 15745 15751 15752 15758 15760 15785 15786 15791 15804 15833 15850 15863 15864 15882 15890 15906 15907 15911 15912 15916 15922 15927 15930 15931 15942 15948 15954 15963 15967 15968 15975 15995 15998 16002 16024 16026 16027 16028 16036 16047 16056 16066 16067 16075 16077 16083 16089 16092 16101 16107 16112 16129 16130 16140 16152 16163 16171 16194 16197 16215 16236 16255 16262 16266 16272 16279 20503 20507 20572 20573 20574 20681 
	}
	weather={
	}
}
