
strategic_region={
	id=125
	name="STRATEGICREGION_125"
	provinces={
		125 514 527 553 965 1169 1543 1706 1719 1728 1833 1890 2056 2078 2194 2553 2624 2660 2757 2900 2984 3046 3225 3252 3298 3469 3487 3506 3517 3543 3973 4180 4196 4479 4545 4668 4684 4750 4860 4996 5052 5170 5267 5288 5324 5462 5508 5547 5776 6014 6023 6042 6252 6416 6497 6567 6753 6798 7133 7210 7222 7260 7264 7285 7291 7346 7874 7934 7961 7987 8128 8420 8429 8475 8485 8519 8531 8624 8675 8780 8784 8848 8931 8978 9188 9189 9246 9304 9362 9992 10067 10158 10181 10232 10507 10569 10602 10917 10926 10963 10990 11029 11482 11542 11704 11738 11772 11959 12034 12073 12192 12308 12534 12560 12615 12647 12713 12729 12751 12908 13270 13321 13697 15228 15962 15972 15976 15994 16012 16018 16032 16039 16065 16087 16088 16110 16111 16125 16134 16135 16139 16153 16157 16179 16186 16189 16190 16207 16225 16229 16249 16253 16254 16271 16290 16299 16307 16325 16335 16345 16358 16359 16372 16375 16406 16407 16409 16419 16420 16438 16443 16449 16462 16480 16490 16493 16619 17620 19092 19414 19516 20568 20569 20570 20571 20575 20576 20577 20578 20579 
	}
	weather={
	}
}
