
strategic_region={
	id=126
	name="STRATEGICREGION_126"
	provinces={
		9 38 163 262 312 325 405 444 453 526 712 751 860 1055 1070 1222 1293 1328 1475 1778 1783 1859 2030 2248 2453 2530 2725 2861 2994 3049 3095 3145 3283 3625 3665 3692 3694 3743 3785 3807 3901 3914 3937 4199 4231 4311 4384 4693 4736 4937 4944 4965 4976 5078 5115 5137 5260 5308 5758 6045 6133 6165 6178 6534 6545 6603 6855 6864 6905 6931 7034 7170 7238 7277 7314 7491 7495 7606 7693 7707 7799 7918 7946 8008 8088 8113 8243 8298 8314 8413 8449 8663 8710 8796 8852 8859 8883 9028 9151 9154 9194 9245 9282 9358 9427 9558 9770 9871 10107 10236 10239 10252 10253 10339 10442 10473 10609 10731 10783 10843 11061 11088 11142 11146 11188 11300 11309 11324 11335 11442 11524 11650 11659 11674 11695 11710 11718 11720 11809 11900 11998 12021 12111 12260 12280 12289 12338 12393 12512 12545 12663 12747 12925 12948 13138 13367 13428 13557 13632 13969 13997 14007 14011 14015 14025 14029 14032 14033 14052 14053 14061 14075 14086 14089 14100 14102 14120 14131 14148 14149 14156 14157 14168 14183 14193 14215 14216 14219 14227 14232 14233 14234 14238 14242 14247 14249 14252 14264 14271 14279 14295 14303 14305 14315 14321 14330 14331 14332 14347 14355 14369 14376 14377 14386 14390 14399 14400 14409 14420 14435 14437 14448 14460 14494 14516 14538 14549 14572 14589 14679 20091 20140 20210 20260 20266 20289 20293 20410 20411 20414 20415 20416 20417 20418 20420 20421 20424 20427 20428 20429 20431 20432 20433 20436 20439 
	}
	weather={
	}
}
