
strategic_region={
	id=127
	name="STRATEGICREGION_127"
	provinces={
		62 204 519 700 749 843 1057 1063 1167 1699 1862 2167 2325 2357 2889 2938 2982 3035 3162 3192 3532 3537 3638 3687 3991 4227 4830 4846 4882 5048 5470 5641 5970 6022 6218 6257 6408 6446 6516 6572 6650 6659 7080 7180 7185 7324 7504 7530 7988 8002 8024 8216 8293 8323 8555 8658 9411 9722 9776 10233 10388 10514 10837 10839 10859 11122 11137 11179 11273 11285 11288 11367 11425 11539 11916 11934 11947 12044 12223 12333 12353 12389 12566 12800 12937 13066 13096 13108 13193 13541 13624 13684 14716 14741 14813 14846 14861 14892 14896 14922 14930 14975 15003 15017 15051 15061 15096 15102 15132 15141 15142 15170 15182 15193 15227 15234 15268 15269 15389 20467 
	}
	weather={
	}
}
