
strategic_region={
	id=128
	name="STRATEGICREGION_128"
	provinces={
		236 437 498 511 559 563 608 875 1034 1146 1268 1461 1523 1588 1624 1698 1823 1965 1978 2449 2786 2858 2867 2913 3153 3193 3206 3354 3375 3380 3425 3426 3651 3771 3789 3840 3993 4076 4144 4190 4219 4498 4618 4756 4866 5017 5097 5116 5162 5392 5403 5437 5595 5703 5790 5802 5872 5959 6082 6110 6392 6418 6574 6680 6746 6759 6780 7051 7177 7469 7545 7576 7733 8204 8416 8592 8616 8753 8903 9147 9177 9496 9688 9798 9969 9990 10092 10390 10468 10661 10882 10886 10914 10947 11195 11463 11741 12000 12233 12460 12463 12598 12622 12764 12992 13242 13480 13629 16267 16355 16393 16400 16404 16436 16445 16484 16496 16511 16512 16548 16610 16622 16664 16685 16689 16718 16731 16744 16799 16800 16837 16848 16851 16858 16861 16874 16897 16902 16964 16965 16973 17001 
	}
	weather={
	}
}
