
strategic_region={
	id=129
	name="STRATEGICREGION_129"
	provinces={
		59 370 384 487 580 639 887 973 1104 1132 1279 1616 1629 1682 1772 2103 2400 2480 2503 2653 2795 2966 3032 3169 3228 3251 3258 3322 3356 3410 3413 3568 3677 3843 3898 3921 4138 4226 4244 4333 4420 4674 4734 4930 5151 5158 5255 5295 5944 6028 6052 6157 6160 6166 6301 7161 7173 7593 7628 7657 7788 7849 7893 8075 8166 8300 8375 8510 8580 8705 8910 8968 9167 9203 9409 9570 9590 9651 9785 10018 10020 10144 10351 10415 10524 10765 10775 10895 10948 10974 11304 11496 11867 11903 11927 11980 12475 12620 12955 13253 13262 15430 15448 15517 15533 15569 15639 15644 15670 15691 15716 15728 15743 15754 15755 15817 15857 15886 15887 15893 15897 15913 15955 15974 16016 16058 16115 16116 16131 16160 16178 16182 16198 16268 16312 
	}
	weather={
	}
}
