
strategic_region={
	id=130
	name="STRATEGICREGION_130"
	provinces={
		191 201 233 343 613 795 826 842 893 915 1243 1715 1887 2016 2050 2286 2306 2629 2897 2981 3159 3275 3504 3722 3817 3894 4019 4489 4634 4675 4793 4971 4978 5021 5025 5100 5302 5511 5539 5691 5723 5940 5955 6549 6737 6914 6982 6998 7225 7329 7383 7830 7887 7915 7926 8096 8109 8713 9036 9352 9906 10326 10460 10584 10669 10670 10672 10893 10982 10989 11002 11092 11333 11357 11464 11468 11492 11590 12024 12387 12456 12657 13058 13149 13206 13644 13654 14960 14969 14999 15025 15038 15059 15118 15171 15205 15220 15253 15277 15328 15369 15392 15411 15442 15466 15503 15514 15534 15584 20493 
	}
	weather={
	}
}
