
strategic_region={
	id=131
	name="STRATEGICREGION_131"
	provinces={
		2 21 253 431 569 620 866 885 920 1329 1332 1351 1353 1403 1446 1536 1564 1596 1620 1646 1796 1997 2014 2061 2149 2214 2327 2392 2535 2604 2668 2740 2831 2887 3030 3052 3138 3232 3267 3268 3277 3312 3363 3523 3676 3681 3798 3802 3928 3968 4103 4349 4369 4416 4441 4561 4632 4637 4644 4664 5011 5453 5492 5635 5905 5924 5942 5966 6033 6134 6174 6201 6209 6288 6591 6656 6764 6889 7087 7234 7271 7440 7525 7691 7726 7729 8043 8089 8183 8201 8281 8499 8657 9531 9702 9905 9982 9989 10006 10009 10132 10435 10506 10632 11079 11197 11516 11597 11703 12026 12058 12307 12635 12946 13133 13142 13184 13207 13245 13302 13359 13539 14927 14964 15010 15027 15035 15037 15063 15075 15080 15088 15104 15105 15108 15183 15189 15200 15213 15252 15256 15257 15264 15292 15296 15339 15357 15375 15407 15425 15428 15459 15465 15479 15490 15583 15641 15661 15679 15722 15776 15896 15901 20249 20497 20500 20501 
	}
	weather={
	}
}
