
strategic_region={
	id=132
	name="STRATEGICREGION_132"
	provinces={
		138 205 447 448 577 583 930 972 984 1041 1145 1151 1291 1573 1909 2231 2293 2556 2680 2812 2852 3036 3039 3060 3081 3188 3306 3497 3546 3616 3710 3711 3754 4040 4097 4119 4213 4266 4523 4584 4903 5014 5058 5174 5542 5558 5674 5898 5922 6013 6269 6639 6712 6778 6878 6886 7015 7059 7194 7199 7304 7479 7502 7617 7651 7682 7742 7795 7886 8635 8695 9050 9090 9106 9179 9200 9326 9441 9445 9643 9698 9788 9802 10058 10105 10113 10481 10487 10767 10863 10987 11077 11187 11267 11308 11323 11355 11549 11609 11777 11832 12039 12123 12215 12309 12317 12858 12900 12927 13286 13300 13314 13390 13561 14362 14397 14401 14454 14473 14474 14496 14545 14566 14612 14615 14649 14661 14665 14695 14706 14707 14719 14771 14788 14804 14812 14817 14818 14824 14828 14830 14857 14873 14881 14885 14905 14911 14919 14937 14938 14943 14945 14956 14963 14980 14981 14990 15005 15006 15070 15219 20114 20203 20305 20448 20463 20464 20466 20472 20473 20474 20475 20476 20477 
	}
	weather={
	}
}
