
strategic_region={
	id=133
	name="STRATEGICREGION_133"
	provinces={
		41 56 122 401 475 581 610 640 753 937 964 1186 1205 1741 1753 1875 1964 2102 2106 2245 2348 2448 2703 2708 2748 2951 3012 3141 3157 3235 3238 3274 3278 3522 3582 3769 3952 4079 4241 4305 4405 4412 4528 4564 4639 4711 4780 4835 4865 5154 5296 5343 5374 5452 5571 5582 5700 5705 5789 5823 5824 5871 5930 6136 6279 6352 6368 6556 6557 6564 6571 6655 6722 6744 6786 6877 6919 6959 7077 7082 7303 7471 7618 7775 7818 7851 8046 8197 8218 8403 8442 8547 8682 8920 9209 9338 9349 9424 9452 9876 9937 9944 10011 10076 10389 10413 10463 10467 10554 10666 10676 10760 11017 11095 11108 11182 11200 11249 11455 11469 11677 11684 11692 11789 11854 11889 11930 12028 12030 12210 12220 12237 12328 12331 12366 12816 12920 13036 13043 13121 13224 13247 13293 13431 13454 13522 13553 13649 13678 14298 14327 14329 14359 14436 14471 14479 14484 14503 14507 14514 14525 14565 14591 14592 14599 14605 14609 14620 14633 14652 14655 14656 14673 14674 14683 14694 14702 14717 14737 14738 14753 14769 14783 14787 14810 14834 14842 14854 14860 14862 14876 14879 14904 14908 14926 14932 14944 14948 14962 14972 14995 14997 15011 15066 15116 15148 15155 15156 15160 15194 15247 15283 15305 15360 15390 15410 20484 
	}
	weather={
	}
}
