
strategic_region={
	id=134
	name="STRATEGICREGION_134"
	provinces={
		69 77 88 179 503 726 757 789 820 1149 1181 1252 1270 1357 1397 1525 1758 2010 2077 2364 2402 2428 2454 2481 2542 2562 2620 2631 2656 2704 2988 3147 3202 3244 3313 3318 3383 3575 3767 3837 4091 4200 4205 4320 4448 4544 4600 4636 4790 4792 4915 5000 5114 5225 5265 5405 5407 5761 6355 6462 6514 6524 6674 6736 6800 6815 6836 7021 7067 7100 7124 7258 7554 7602 7704 7728 7768 7789 7807 7989 8039 8119 8203 8263 8267 8402 8468 8504 8672 8917 9003 9116 9202 9239 9244 9269 9306 9355 9457 9491 9679 9681 9748 9781 9784 9799 9839 10168 10179 10226 10395 10498 10512 10613 10622 10637 10660 10881 10959 11076 11111 11206 11226 11353 11361 11363 11375 11395 11410 11438 11472 11505 11593 11665 11693 11726 11727 11799 11902 12032 12211 12304 12485 12582 12711 12723 12772 12781 12784 12805 12896 12898 12966 13038 13042 13061 13122 13202 13256 13350 13545 13592 13623 15231 15232 15249 15266 15284 15300 15307 15308 15316 15327 15347 15348 15373 15386 15394 15396 15403 15424 15457 15509 15519 15530 15532 15547 15551 15556 15558 15578 15582 15599 15602 15605 15618 15638 15648 15659 15684 15686 15688 15706 15707 15721 15741 15767 15768 15771 15780 15795 15822 15826 15829 15838 15856 15858 15859 15891 15923 15928 15932 15934 15958 15964 15965 15984 15990 16003 16033 16040 16051 16052 16073 16084 16114 16164 16165 20494 20502 20683 
	}
	weather={
	}
}
