
strategic_region={
	id=135
	name="STRATEGICREGION_135"
	provinces={
		250 304 518 531 675 912 991 1048 1066 1317 1413 1531 1581 1950 2097 2137 2437 2477 2492 2508 2531 2601 2638 2702 2755 2769 3028 3167 3288 3686 4590 4772 4881 5037 5252 5316 5383 5739 6076 6092 6095 6251 7003 7093 7299 7332 7425 7463 7561 7632 8001 8061 8115 8329 8505 8951 9005 9035 9054 9289 9386 9546 9728 9912 9981 10257 10271 10385 10528 10548 10747 10794 11144 11248 11354 11484 11816 11977 11987 13041 13105 13255 13354 13512 13687 15654 15656 15689 15746 15860 15885 15933 15959 15987 16015 16057 16069 16094 16136 16158 16159 16220 16240 16305 16328 16444 16546 16575 16614 16630 16656 16727 
	}
	weather={
	}
}
