
strategic_region={
	id=136
	name="STRATEGICREGION_136"
	provinces={
		202 416 658 878 919 1095 1372 1468 1892 2138 2532 2673 2686 2896 3001 3381 3858 3922 3939 3960 3981 4010 4331 4350 4538 4688 5079 5089 5440 5473 5725 6285 6493 6612 6971 7058 7068 7294 7320 7421 7474 7631 8217 8320 8426 8563 8719 8845 8880 9007 9192 9249 9318 9463 9467 9565 9648 9773 9869 10051 10066 10325 10472 10542 10903 11238 11507 11807 11890 11991 12038 12113 12258 12465 12493 13092 13147 13626 16227 16230 16245 16281 16379 16408 16441 16457 16510 16561 16570 16601 16621 16649 16679 16735 16755 16760 16767 16771 16798 16828 16830 16839 16846 16850 16866 16873 16888 16911 16929 16955 16959 16990 17008 17246 
	}
	weather={
	}
}
