
strategic_region={
	id=137
	name="STRATEGICREGION_137"
	provinces={
		241 293 352 551 589 601 679 781 793 844 987 995 1004 1011 1022 1084 1091 1155 1158 1239 1369 1443 1479 1494 1623 1665 1849 1865 1924 1969 1974 2005 2040 2121 2184 2207 2222 2233 2315 2320 2433 2689 2731 2770 2819 2850 2910 2962 3045 3385 3416 3442 3491 3586 3680 3724 3831 3841 4018 4071 4524 4753 4875 4966 5049 5127 5243 5318 5325 5353 5373 5769 5820 5895 5929 6094 6348 6400 6428 6451 6489 6495 6500 6738 7127 7307 7542 7565 7716 7797 7937 8012 8017 8062 8310 8427 8487 8561 8644 8700 8702 8882 9450 9504 9524 9540 9665 9703 9740 10245 10283 10299 10323 10466 10573 10631 10782 10797 10857 11212 11241 11274 11342 11416 11437 11504 11532 11613 11668 11687 11735 11924 11954 12018 12346 12556 12585 12820 12821 13060 13457 17091 17096 17103 17105 17168 17174 17177 17203 17239 17260 17281 17321 17395 17417 17456 17464 17501 17522 17531 17549 17555 17573 17588 17638 17639 17675 17704 17749 17752 17753 17756 17757 17758 17779 17791 17801 17835 17837 17841 17847 17848 17849 17875 17887 17894 17904 17993 18025 18031 18070 18077 20103 20535 
	}
	weather={
	}
}
