
strategic_region={
	id=138
	name="STRATEGICREGION_138"
	provinces={
		109 133 423 445 611 719 813 1074 1189 1196 1264 1450 1474 1560 1652 1712 1727 2012 2044 2111 2117 2377 2512 2717 2764 2822 2832 2880 2892 2933 3023 3054 3304 3341 3412 3507 3576 3752 3793 3815 4383 4393 4411 4487 4582 4691 4822 4829 4887 5053 5140 5397 5449 5450 5485 5517 5559 5593 5628 5673 5779 6043 6369 6381 6407 6686 6752 6911 6963 7047 7171 7215 7533 7555 7705 7725 7850 7914 7979 8097 8142 8167 8225 8428 8594 8638 8640 8751 8781 8881 8896 9027 9324 9410 9433 9448 9529 9543 9671 9687 9694 9741 9894 9908 9999 10401 10432 10454 10511 10557 10566 10820 10851 11168 11190 11216 11338 11387 11423 11454 11521 11599 11647 11761 11802 11939 12023 12077 12082 12124 12345 12347 12583 12760 12828 13101 13119 13135 13168 13251 13334 13341 13402 13441 13565 16994 17012 17015 17029 17038 17039 17043 17044 17045 17059 17061 17066 17072 17080 17081 17085 17089 17095 17111 17120 17127 17128 17139 17141 17155 17167 17189 17206 17228 17253 17262 17263 17283 17285 17286 17296 17302 17315 17326 17362 17375 17378 17381 17382 17392 17393 17394 17397 17404 17414 17422 17430 17438 17447 17451 17452 17469 17480 17482 17490 17499 17530 17544 17560 17606 17618 17632 17637 17660 17694 20328 20524 
	}
	weather={
	}
}
