
strategic_region={
	id=140
	name="STRATEGICREGION_140"
	provinces={
		127 161 237 512 528 538 832 894 1051 1068 1206 1409 1469 1718 1755 1897 1912 1913 2043 2276 2408 2611 2728 3273 3370 3580 3648 3847 4056 4096 4123 4439 4530 4586 4630 4656 4682 4692 4754 4804 4840 5082 5352 5507 5721 5733 5851 5996 6277 6335 6341 6527 6559 6675 6885 6995 7142 7497 7583 7625 7836 7855 7904 8205 8450 8454 8472 8540 8542 8574 8674 9155 9316 9412 9449 9632 9767 10229 10284 10286 10288 10373 10387 10465 10470 10599 10916 11571 11767 11830 11894 12415 12474 12755 13610 13696 18456 18491 18494 18710 18788 18801 18804 18821 18828 18845 18871 18901 18940 18945 18951 18954 18959 19000 19018 19022 19039 19074 20336 
	}
	weather={
	}
}
