
strategic_region={
	id=141
	name="STRATEGICREGION_141"
	provinces={
		84 177 309 331 362 546 612 698 736 785 819 1065 1126 1143 1191 1295 1406 1495 1644 1681 1808 1822 1858 1873 1933 2104 2192 2209 2221 2223 2235 2266 2427 2523 2538 2752 2763 2959 3092 3125 3269 3324 3331 3438 3445 3812 3888 3966 4048 4329 4353 4356 4609 4611 4704 4761 4805 4931 5074 5161 5268 5298 5340 5429 5436 5616 5681 5693 5788 6046 6099 6224 6244 6254 6286 6363 6494 6543 6597 6618 6695 6950 6952 7060 7153 7231 7245 7361 7560 7568 7641 7885 7932 8137 8138 8221 8378 8600 8629 8677 8897 8925 9214 9368 9474 9499 9534 9589 9737 9977 9979 10212 10337 10452 10563 10589 10814 10907 11106 11149 11242 11244 11277 11303 11345 11390 11515 11607 11618 11762 11804 11995 12010 12126 12138 12228 12702 12714 12716 12730 12822 12848 13039 13332 13404 13437 13506 13531 13666 13681 18476 18554 18567 18574 18583 18584 18602 18604 18612 18631 18640 18658 18673 18680 18696 18707 18727 18736 18740 18770 18777 18793 18798 18806 18826 18842 18854 18859 18865 18869 18876 18918 18924 18929 18963 18984 18998 19016 19045 19070 19081 19089 19141 19160 19166 19189 20555 
	}
	weather={
	}
}
