
strategic_region={
	id=142
	name="STRATEGICREGION_142"
	provinces={
		1 159 320 360 428 732 864 871 982 1010 1026 1136 1154 1229 1290 1296 1385 1482 1522 1663 1686 1771 1804 1893 1894 1923 2028 2072 2185 2262 2321 2519 2623 2685 2698 2838 3185 3551 3923 4066 4081 4137 4179 4239 4247 4477 4548 4591 4702 4743 4748 4844 4889 4946 4953 4982 4991 5035 5141 5150 5188 5214 5272 5328 5476 5483 5540 5656 5730 5732 5812 5857 5859 5873 5925 5995 6098 6221 6304 6360 6443 6466 6473 6507 6633 6994 7025 7053 7115 7120 7154 7293 7327 7366 7415 7438 7445 7734 7790 7814 8161 8212 8366 8457 8732 8754 8759 8795 8846 9015 9082 9295 9343 9381 9391 9397 9444 9514 9649 9744 10001 10024 10035 10047 10104 10145 10166 10314 10438 10474 10476 10502 10639 10667 10736 10800 10821 10847 11174 11278 11398 11408 11588 11773 11861 11965 12052 12054 12153 12169 12175 12189 12246 12283 12370 12384 12568 12696 12728 12897 12988 12999 13000 13053 13100 13125 13252 13254 13373 13408 13411 16201 16239 16261 16286 16304 16315 16323 16326 16337 16339 16376 16382 16385 16389 16422 16431 16432 16433 16440 16448 16463 16478 16482 16495 16497 16504 16507 16508 16509 16517 16521 16539 16559 16568 16580 16586 16588 16605 16606 16625 16626 16629 16640 16641 16643 16668 16672 16673 16687 16688 16696 16697 16711 16715 16720 16726 16734 16740 16747 16751 16759 16776 16778 16783 16810 16811 16836 16855 16857 16865 16872 16877 16905 16910 16921 16933 16949 16950 16958 16962 16972 16975 16976 16978 16983 17000 17028 17051 20513 20521 20688 
	}
	weather={
	}
}
