
strategic_region={
	id=143
	name="STRATEGICREGION_143"
	provinces={
		42 342 434 466 510 938 1152 1192 1214 1228 1362 1739 2045 2341 2372 2527 2574 2783 3478 3931 4080 4577 4621 4709 4947 5148 5258 5398 5432 5587 5658 5834 5839 5856 5931 5974 6081 6138 6382 6406 6865 7005 7016 7117 7148 7815 7901 7919 7960 8051 8090 8192 8230 8344 8415 8460 8562 8734 8786 8791 8811 8858 8980 9058 9172 9251 9302 9562 9691 9730 9863 9864 9891 9900 10102 10189 10411 10482 10686 10906 11026 11046 11159 11177 11207 11465 11481 11649 11688 11817 11842 11871 11938 11969 11972 12079 12134 12335 12414 12499 12757 12791 12835 12860 12879 13198 13496 13552 13578 13609 15587 15607 15762 15763 15772 15797 15866 15867 15904 15961 15969 15973 15996 16006 16007 16029 16037 16041 16042 16053 16054 16090 16091 16093 16098 16102 16126 16141 16142 16168 16172 16187 16188 16210 16212 16216 16247 16251 16259 16260 16263 16292 16317 16336 16384 16435 16461 16501 20511 20686 
	}
	weather={
	}
}
