
strategic_region={
	id=144
	name="STRATEGICREGION_144"
	provinces={
		43 341 582 696 706 811 1453 1723 2008 2158 2161 2232 2566 2583 2818 2824 2976 2978 3043 3071 3405 3448 3853 3893 4028 4174 4394 4495 4522 4547 4789 5007 5067 5215 5515 5527 5534 5696 5989 6307 6340 6727 7114 7175 7552 7621 7664 7665 7973 8382 8591 8623 8790 9064 9232 9234 9337 9428 9436 9460 9490 9921 9941 10044 10185 10249 10363 10646 10664 10759 10780 10806 10887 10969 11009 11130 11223 11247 11855 11906 12087 12119 12234 12450 12572 12758 13271 13274 13585 13690 13701 14126 14188 14195 14224 14246 14248 14251 14258 14261 14283 14291 14293 14312 14326 14335 14339 14349 14351 14354 14375 14395 14396 14403 14406 14440 14478 14513 14531 14535 14564 14579 14580 14629 14671 14672 14682 14727 14747 20196 20426 20430 20435 20441 20442 20449 20451 
	}
	weather={
	}
}
