
strategic_region={
	id=145
	name="STRATEGICREGION_145"
	provinces={
		87 175 267 350 616 943 1102 1248 1390 1537 1667 1687 1996 2374 2463 2561 2619 2931 3175 3209 3305 3596 3635 3748 3768 3874 3907 4146 4335 4499 4553 4763 4821 4908 4921 5257 5502 5523 5532 5592 5760 5811 5949 6366 6540 6690 6765 6869 7156 7279 7624 7751 7857 8042 8047 8048 8262 8404 8699 8991 9029 9114 9118 9379 9413 9415 9654 9657 9752 10064 10086 10237 10382 10504 10575 10663 10753 10830 10885 10919 11012 11104 11250 11292 11297 11415 11514 11622 11897 12099 12106 12131 12147 12310 12405 12589 12599 12604 12649 12712 12934 12982 13051 13162 13226 13312 13317 13344 13391 13509 14472 14541 14576 14577 14596 14604 14626 14631 14638 14645 14654 14657 14660 14688 14692 14698 14728 14729 14794 14811 14815 14869 14884 14888 14899 14915 14923 14955 14959 14968 14985 14993 15034 15036 15067 15151 15158 15188 20460 20461 
	}
	weather={
	}
}
