
strategic_region={
	id=146
	name="STRATEGICREGION_146"
	provinces={
		63 83 473 483 565 993 1164 1415 1936 2047 2368 2475 2498 2559 2606 2696 2816 3262 3303 3310 3345 4145 4232 4375 4436 4461 4601 4721 4739 4768 5168 5342 5754 5866 6210 6278 6581 7368 7752 7921 7972 8172 8335 8399 8458 8548 8585 8587 8715 8729 8735 8744 8853 9131 9216 9241 9453 9644 9879 10004 10049 10227 10433 10469 10611 10614 11057 11114 11151 11165 11351 11536 11615 11652 12151 12409 12719 12921 13173 14994 15094 15122 15198 15199 15203 15209 15239 15251 15276 15291 15302 15319 15320 15354 15374 15391 15395 15494 15552 15559 15596 15649 15664 15702 
	}
	weather={
	}
}
