
strategic_region={
	id=147
	name="STRATEGICREGION_147"
	provinces={
		8 92 170 180 258 289 729 865 945 1054 1139 1156 1159 1184 1498 1500 1578 1637 2071 2120 2131 2150 2166 2487 2505 2658 2711 2744 2840 2967 3142 3200 3515 3530 3531 3684 3740 4042 4297 4786 4901 5368 5853 5864 5977 6189 6226 6239 6600 6631 6663 6860 7209 7441 7526 7531 7585 7599 7684 8006 8268 8560 8612 8666 8837 9215 9278 9312 9547 9739 9923 10075 10114 10724 10784 10816 11360 11379 11904 11958 12221 12245 12390 12426 12524 12606 12692 12877 13124 13141 13180 13214 13227 13263 13292 15650 15660 15704 15726 15730 15753 15781 15810 15818 15830 15844 15851 15853 15873 15879 15883 15884 15894 15900 15924 15949 15950 15966 15979 15988 15991 15997 16008 16030 16043 16078 16086 16097 16143 16173 16181 16232 16233 16293 20508 20510 
	}
	weather={
	}
}
