
strategic_region={
	id=148
	name="STRATEGICREGION_148"
	provinces={
		316 322 827 833 1020 1312 1448 1630 2096 2168 2297 2925 3377 3378 3607 3948 3964 4433 4532 4537 4741 4746 5122 5236 5395 5888 6118 6331 6439 6643 6668 6813 6850 6904 7465 7519 7534 7723 7794 7968 7984 8087 8469 8509 9240 9468 9578 9959 10029 10037 10234 10255 10334 10538 10615 11214 11490 11558 11770 12887 13237 13453 13563 15047 15133 15143 15149 15180 15240 15295 15338 15351 15355 15356 15412 15450 15451 15462 15471 15501 15516 15543 15575 15591 15623 15676 15690 15715 20313 
	}
	weather={
	}
}
