
strategic_region={
	id=149
	name="STRATEGICREGION_149"
	provinces={
		57 221 286 300 321 386 621 1275 1287 1508 1534 1843 1880 1921 1930 1967 2101 2133 2345 2379 2571 2750 2781 2814 2883 2906 2924 3082 3103 3233 3505 3763 3936 4024 4085 4284 4529 4606 4713 5279 5394 5503 5552 5636 5653 5999 6196 6198 6362 6492 6777 6857 6876 6942 6956 7024 7039 7256 7393 7518 7587 7672 7689 7732 8044 8060 8256 8326 8459 8476 8480 8495 8517 8868 8884 9044 9321 9442 9572 9582 9622 9932 9994 9998 10183 10320 10447 10673 10788 10889 11256 11262 11429 11479 11535 11644 11801 11883 11915 11918 11986 12017 12094 12096 12199 12222 12269 12286 12316 12597 12653 12761 12882 13005 13010 13094 13238 13244 13261 13275 13645 15179 15195 15222 15242 15243 15309 15344 15350 15368 15380 15383 15401 15415 15419 15458 15469 15470 15474 15478 15482 15485 15487 15498 15502 15510 15527 15531 15554 15557 15565 15574 15615 15629 15658 15668 15669 15681 15695 15701 15710 15735 15742 15792 15798 15837 15892 15898 20216 20236 
	}
	weather={
	}
}
