
strategic_region={
	id=150
	name="STRATEGICREGION_150"
	provinces={
		240 314 496 516 595 1121 1125 1267 1348 1392 1452 1854 1977 2027 2032 2576 2586 2777 2791 3435 3581 3629 3910 4102 4535 4549 4706 4861 4925 5080 5155 5310 5600 5807 5909 5992 6163 6230 6749 6867 7074 7274 7287 7288 7389 7420 7427 7467 7659 7952 7994 8004 8213 8319 8328 8546 8836 8919 9181 9345 9479 9587 9789 9793 9821 10265 10391 10711 10718 10924 10954 10966 11064 11150 11208 11283 11434 11909 12352 12382 12617 13083 13118 13167 13208 13264 13406 13488 14155 14163 14167 14186 14192 14211 14214 14236 14263 14284 14292 14294 14299 14317 14320 14338 14350 14352 14378 14392 14404 14416 14425 14426 14433 14434 14444 14465 14466 14481 14501 14515 14526 14528 14532 14555 14588 14603 14606 14636 14641 14653 14675 14722 14750 14751 14775 14793 20243 20419 20425 
	}
	weather={
	}
}
