
strategic_region={
	id=151
	name="STRATEGICREGION_151"
	provinces={
		151 284 303 369 393 441 974 1078 1235 1280 1297 1442 2471 2612 2775 2860 2926 2928 2968 3585 3601 3613 3772 3818 3821 3919 4074 4104 4167 4184 4195 4689 4798 5159 5164 5496 5621 5976 5978 6190 6412 6629 6740 6747 6848 6859 6890 7141 7296 7298 7358 7436 7643 7770 8210 8405 8467 8566 8875 8971 8990 9517 9549 9674 9682 9761 9899 9954 10015 10296 10315 10342 10751 10995 10996 11102 11115 11263 11281 11394 11467 11470 11533 11548 11790 12103 12109 12112 12186 12252 12287 12355 12535 12668 12884 13035 13280 13424 13448 13475 13479 13627 13676 14691 14724 14725 14763 14847 14849 14864 14909 14912 14942 14951 14952 14973 14979 14983 14984 14989 15030 15054 15062 15087 15089 15093 15115 15117 15121 15137 15146 15164 15168 15178 15196 15197 15248 15263 15281 15294 15301 15318 15332 15349 15367 15379 15438 15473 20479 20487 
	}
	weather={
	}
}
