
strategic_region={
	id=152
	name="STRATEGICREGION_152"
	provinces={
		50 211 287 346 371 406 800 918 958 1050 1133 1276 1335 1417 1421 1423 1449 1541 1553 1561 1580 1591 1655 1660 1768 1790 1895 1952 1999 2052 2127 2226 2270 2282 2313 2393 2459 2670 2730 2741 2834 2837 3055 3108 3124 3198 3249 3291 3400 3501 3503 3589 3628 3647 3808 3826 3895 4069 4107 4117 4162 4166 4294 4438 4569 4649 4778 4802 4862 4868 4920 4961 5030 5163 5184 5505 5575 5675 5688 5707 5814 5870 5932 6016 6041 6059 6131 6248 6317 6390 6529 6579 6589 6958 6967 6992 7056 7125 7132 7144 7263 7379 7386 7426 7490 7630 7838 7870 7996 8162 8285 8445 8465 8833 9199 9340 9351 9522 10408 10732 10930 11189 11372 11578 11579 11815 11831 11865 12055 12091 12155 12241 12365 12478 12486 12516 12541 12581 12856 12862 13497 13675 14231 14259 14269 14288 14300 14316 14340 14402 14407 14417 14445 14446 14449 14457 14467 14510 14523 14530 14556 14560 14568 14573 14598 14610 14646 14647 14689 14709 14730 14731 14732 14733 14744 14758 14764 14780 14819 14820 14829 14850 14867 14868 14874 14886 14890 14898 14931 14940 20116 20215 20218 20299 20437 20454 20459 20462 20901 20903 20904 20908 20909 20930 20931 
	}
	weather={
	}
}
