
strategic_region={
	id=153
	name="STRATEGICREGION_153"
	provinces={
		93 155 160 173 324 378 385 408 556 558 591 633 652 673 676 713 786 828 857 953 1015 1082 1168 1256 1285 1343 1411 1465 1538 1611 1625 1656 1725 1801 1984 2083 2091 2123 2163 2170 2204 2264 2287 2550 2560 2648 2649 2760 2876 2901 2903 3004 3070 3101 3137 3229 3279 3437 3518 3561 3639 3673 3753 3889 4033 4105 4112 4193 4263 4542 4646 4845 4955 4987 5071 5120 5204 5282 5327 5601 5613 5682 5719 5755 5804 5845 5891 5910 6047 6091 6103 6256 6290 6385 6397 6569 6577 6843 6932 7002 7126 7313 7395 7409 7863 8145 8164 8265 8350 8496 8501 8826 8829 9012 9067 9075 9180 9731 9966 10088 10138 10329 10341 10475 10636 11052 11225 11370 11474 11589 11757 11846 11908 12048 12219 12267 12357 12416 12437 12507 12540 12616 12798 12810 12825 13067 13102 13342 13466 13495 13535 13570 13657 13801 13824 13842 13846 13856 13859 13868 13871 13878 13897 13901 13916 13940 13942 14000 14036 14072 14090 14143 14285 14289 14341 14489 14557 20184 20212 20258 20272 20285 20286 20402 20444 20895 20896 20897 20898 20906 20911 20921 20934 20935 
	}
	weather={
	}
}
