
strategic_region={
	id=154
	name="STRATEGICREGION_154"
	provinces={
		40 54 55 150 297 332 743 913 921 966 1194 1340 1444 1615 1649 1711 1834 1970 2059 2073 2128 2135 2141 2404 2416 2444 2570 2578 2610 2746 3122 3199 3489 3579 3610 3642 3738 3758 3820 3915 4133 4339 4344 4480 4874 4973 5013 5103 5212 5269 5341 5463 5556 5640 5746 5752 5879 6113 6169 6464 6475 6479 6481 6482 6533 6548 6660 6661 6977 7001 7186 7240 7343 7600 7717 7824 7832 8122 8251 8333 8336 8432 8552 8572 8756 8827 8847 8906 8965 9001 9022 9182 9187 9208 9219 9297 9335 9402 9575 9619 9754 9843 10079 10096 10146 10322 10393 10630 11006 11015 11060 11073 11406 11576 11592 11713 11729 11752 11914 12009 12067 12249 12259 12311 12394 12538 12593 12652 13052 13191 13211 13338 13372 13515 13634 13648 13921 13934 13941 13954 13958 13961 13971 13978 13986 13994 13996 14003 14012 14026 14043 14046 14047 14054 14056 14062 14067 14077 14087 14095 14115 14116 14122 14127 14135 14142 14144 14164 14169 14174 14176 14180 14184 14189 14196 14202 14204 14208 14217 14218 14239 14255 14274 14309 14313 14356 14368 14383 14384 14422 14490 14529 14552 14567 14593 14594 14595 14634 20408 20450 20984 
	}
	weather={
	}
}
