
strategic_region={
	id=155
	name="STRATEGICREGION_155"
	provinces={
		326 358 586 651 831 879 1272 1308 1497 1636 1852 2011 2279 2331 2799 2826 2894 2911 2950 3183 3513 4051 4065 4116 4362 4428 5003 5024 5354 5680 6168 6229 6505 6799 6856 6910 7254 8255 9272 10971 11180 11671 12065 12262 12397 12851 13520 13828 13835 13867 13876 13893 13907 13964 20403 20888 20889 20890 20891 20892 20928 20929 20985 20986 20987 20988 20989 20990 20993 20994 20995 20996 20997 20998 20999 21000 
	}
	weather={
	}
}
