
strategic_region={
	id=156
	name="STRATEGICREGION_156"
	provinces={
		73 165 419 454 624 922 946 961 1325 1464 1692 1981 3079 3151 3184 3350 3663 3734 3745 4858 4939 4984 5218 5638 5919 6332 6456 6810 6879 7189 7477 7478 7547 7553 7778 7982 8396 8870 9374 9579 9782 10356 10364 10749 10766 11627 11833 12100 12434 12697 13656 13844 13869 13885 13890 13962 13976 13981 13998 14013 14040 14078 14197 14212 20405 20406 20409 20413 20423 20893 20894 20899 20900 20902 20905 20907 20910 20912 20925 20936 20937 
	}
	weather={
	}
}
