
strategic_region={
	id=157
	name="STRATEGICREGION_157"
	provinces={
		86 356 379 478 654 744 898 975 997 1089 1555 1628 1983 2079 2119 2172 2300 2423 2657 2675 2683 3077 3347 3508 3560 3947 4290 4327 4454 4510 4638 4775 4998 5032 5202 5273 5586 5660 5695 5785 6504 6635 7767 7930 8762 8873 9276 9846 9886 11236 11512 11657 11956 12130 12631 12951 12960 13134 13723 13724 13725 13730 13732 13734 13735 13741 13745 13753 13758 13765 13780 13792 13793 13809 20267 20380 20381 20384 20385 20389 20390 20923 20924 
	}
	weather={
	}
}
