
strategic_region={
	id=158
	name="STRATEGICREGION_158"
	provinces={
		234 235 296 377 418 720 722 1028 1098 1140 1201 1478 1519 2082 2093 2218 2225 2382 2565 2751 3034 3276 3755 4421 4435 4717 4951 5084 5722 6065 6125 6203 6768 6955 6975 7218 7535 7853 7883 8282 8309 10065 10427 10603 10683 11419 12350 12607 12637 13455 13721 13722 13739 13769 13772 13773 13783 13799 13823 13832 20172 20283 20382 20383 20391 20392 20393 20395 20396 20913 20914 20915 20916 20917 20918 20919 20920 20922 20926 20927 20933 20945 20946 20947 20948 20949 
	}
	weather={
	}
}
