
strategic_region={
	id=159
	name="STRATEGICREGION_159"
	provinces={
		259 279 323 542 837 856 870 1036 1037 1045 1244 1673 1781 1988 2018 2514 2526 2655 2665 2998 3014 3144 3158 3321 3389 3746 4035 4238 4455 4665 5833 5835 5880 5975 6298 6364 6461 6467 6552 6565 6610 6773 6964 7166 7268 7308 7326 7484 7868 8021 8065 8117 8173 8377 8525 8783 9795 10583 10593 10679 10740 10777 10789 11043 11213 11280 11559 11645 11778 11964 11968 12173 13819 13820 13825 13827 13833 13836 13837 13852 13854 13857 13860 13865 13870 13875 13884 13887 13894 13895 13902 13905 13909 13913 13915 13920 13923 13935 13938 13939 13951 13960 13967 20401 20974 20975 20980 20981 20982 20983 20991 20992 21003 
	}
	weather={
	}
}
