
strategic_region={
	id=162
	name="STRATEGICREGION_162"
	provinces={
		79 308 410 522 549 594 618 707 962 1109 1928 1931 2145 2269 2805 2849 2954 3172 3336 3431 3999 4007 4129 4230 4399 4867 4983 5551 5965 6039 6302 6420 6463 6819 6851 7121 7372 7453 7597 8105 8165 8187 8355 8462 8502 8507 8513 8520 8582 9038 9063 9129 9826 9934 9957 10057 10523 10537 11120 11312 11356 11602 11648 11701 12410 12467 13055 13294 16458 16567 16644 16728 16732 16741 16779 16784 16812 16818 16819 16843 16862 16935 16945 17078 17185 17266 17366 17415 17453 20522 
	}
	weather={
	}
}
