
strategic_region={
	id=163
	name="STRATEGICREGION_163"
	provinces={
		23 31 34 182 194 197 367 493 574 634 783 784 1024 1114 1115 1141 1260 1263 1307 1368 1378 1430 1457 1463 1572 1593 1602 1676 1742 1773 1844 1922 2013 2046 2183 2234 2260 2304 2344 2395 2513 2691 2732 2830 2847 2989 2997 3003 3148 3315 3332 3482 3669 3909 3971 4192 4295 4310 4377 4641 4676 4690 4811 5056 5123 5185 5307 5518 5544 5654 5670 5671 5795 5809 6061 6151 6195 6327 6891 6933 6969 6974 7019 7116 7135 7365 7444 7686 7876 8153 8171 8253 8539 8553 8662 8955 9134 9333 9378 9443 9511 9518 9599 9707 9723 9958 10062 10223 10297 10448 10733 11097 11127 11141 11252 11485 11557 11700 11712 11742 12060 12068 12196 12242 12319 12443 12521 12590 12706 12837 12933 13401 13513 13547 16079 16147 16234 16276 16338 16354 16401 16416 16554 16563 16583 16611 16642 16650 16682 16733 16834 16889 16914 16998 17086 17143 17169 17176 17210 17252 17297 17303 17339 17423 17426 17473 17491 17495 20512 20514 20517 20519 20520 
	}
	weather={
	}
}
