
strategic_region={
	id=164
	name="STRATEGICREGION_164"
	provinces={
		10 400 486 861 897 1217 1255 1489 1503 1639 1694 2057 2084 2152 2175 2240 2806 2841 2920 3253 3704 3790 3873 4005 4183 4343 4419 4496 4534 4576 4918 5064 5104 5393 5412 5420 5781 6130 6156 6179 6246 6333 6536 6705 6748 6832 6948 7106 7136 7155 7190 7399 7460 7482 7708 8052 8073 8099 8144 8215 8471 9051 9068 9309 9396 9500 9718 9895 10103 10180 10374 10580 10811 11109 11211 11224 11555 11920 12047 12253 12610 12895 13040 13414 13564 13574 13700 16505 16513 16547 16627 16722 16762 16780 16823 16882 16906 16988 16991 17030 17052 17055 17082 17104 17123 17135 17142 17230 17261 17316 17338 17345 17354 17396 17481 17494 17502 17526 17550 
	}
	weather={
	}
}
