
strategic_region={
	id=165
	name="STRATEGICREGION_165"
	provinces={
		196 302 364 366 390 534 561 666 928 977 1033 1093 1326 1373 1471 1584 1684 1940 2187 2552 2591 2772 2974 3016 3140 3196 3366 3404 3527 3796 3803 3918 3965 4012 4432 4516 4610 4662 4677 4841 4896 5493 5604 5608 5645 5735 5926 6284 6318 6334 6537 7160 7259 7354 8063 8254 8270 8291 8308 8371 8940 9117 9158 9197 9328 9764 10033 10304 10357 10501 10576 10896 11051 11056 11840 12845 12969 13362 13494 15895 15956 15977 16004 16009 16019 16034 16082 16127 16174 16199 16241 16256 16275 16331 16340 16364 16373 16380 16394 16397 16426 16451 16525 16556 16587 16638 16690 
	}
	weather={
	}
}
