
strategic_region={
	id=166
	name="STRATEGICREGION_166"
	provinces={
		30 80 414 632 939 1007 1027 1221 1236 1299 1361 1710 1729 2075 2246 2403 2473 2497 2664 2690 2721 2722 2793 2956 3009 3264 3355 3660 3661 3881 3986 4177 4194 4207 4255 4749 4842 4857 4980 5063 5142 5367 6396 6398 6460 6645 7335 7336 7450 7578 7634 7714 7749 7769 7793 7896 7939 8069 8207 8647 8730 8758 8785 8947 8960 9265 9399 9416 9612 9700 9778 10163 10199 10244 11101 11139 11271 11449 11699 11716 11843 11945 12171 12178 12273 12274 12418 12517 12621 12644 12906 12979 13222 13380 13554 15588 15642 15713 15719 15813 15834 15840 15861 15871 15919 15925 15929 15980 15981 16010 16020 16022 16048 16070 16108 16128 16154 16242 16257 16284 16351 16356 16390 16540 16571 
	}
	weather={
	}
}
