
strategic_region={
	id=167
	name="STRATEGICREGION_167"
	provinces={
		5 25 184 255 282 407 462 625 646 697 762 1002 1014 1043 1047 1064 1071 1174 1262 1535 1675 1941 1979 2004 2092 2198 2208 2242 2274 2308 2384 2543 2626 2971 2985 3068 3307 3577 3856 3903 4013 4059 4115 4481 4642 4718 4724 4808 5196 5263 5410 5426 5510 5573 5659 5729 5934 5968 6083 6447 6575 6583 7040 7081 7192 7251 7715 7852 8010 8392 8479 8524 8596 8914 8964 9476 9536 9800 9980 10594 10699 10835 10901 10997 11008 11154 11279 11551 11966 12522 13376 14696 14776 14839 14906 14916 15068 15134 15310 15520 15522 15523 15630 15671 15700 15788 15937 15999 16121 16144 16277 16332 16349 16427 20480 20496 
	}
	weather={
	}
}
