
strategic_region={
	id=168
	name="STRATEGICREGION_168"
	provinces={
		20090 20092 20093 20096 20097 20098 20099 20100 20101 20102 20104 20105 20106 20107 20108 20110 20111 20112 20113 20117 20118 20119 20120 20121 20122 20123 20124 20126 20127 20129 20130 20131 20135 20136 20137 20141 20142 20143 20145 20147 20150 20151 20154 20157 20158 20159 20161 20164 20165 20166 20168 20170 20171 20173 20174 20176 20178 20179 20180 20181 20182 20185 20186 20187 20190 20191 20193 20198 20199 20200 20205 20208 20209 20213 20214 20217 20220 20221 20223 20224 20225 20227 20228 20231 20232 20233 20234 20235 20237 20239 20240 20241 20242 20246 20248 20250 20251 20254 20255 20256 20259 20263 20268 20275 20278 20280 20281 20282 20287 20288 20290 20292 20294 20295 20296 20297 20300 20301 20302 20307 20308 20309 20311 20312 20314 20315 20316 20317 20318 20319 20320 20321 20323 20325 20331 20332 20334 20337 20339 20340 20342 20347 20352 20356 20359 20360 20362 20364 20369 20373 20377 20378 
	}
	weather={
	}
}
