
strategic_region={
	id=40
	name="STRATEGICREGION_40"
	provinces={
		16 409 566 622 734 1200 1277 1786 1812 1821 1946 2009 2193 2243 2370 2409 2484 2555 2842 3091 3371 3452 3559 3574 3587 3940 4818 5248 5623 5768 5847 6126 6197 6217 6338 6344 6632 6862 6884 6900 7213 7503 7856 8030 8211 8226 8345 8370 8626 8898 9026 9243 9310 9581 9683 10041 10202 10317 10321 10577 10691 10764 10925 11239 11282 11598 11845 12288 12526 13412 13712 13752 13776 13777 13784 13786 13791 13800 13805 13806 13818 13821 13831 13834 13838 13849 13892 13903 13919 19549 19550 19553 19554 19557 19558 19559 19560 19561 19563 20386 
	}
	weather={
	}
}
