
strategic_region={
	id=42
	name="STRATEGICREGION_42"
	provinces={
		242 311 604 644 814 999 1142 1410 1477 1506 1701 1798 1888 2259 2579 2729 2960 3190 3263 3287 3337 3773 4060 4151 4386 4555 4719 4728 4831 4871 4888 5027 5246 5275 5382 5435 5497 5766 6409 6652 6676 6957 7205 7220 7226 7350 7408 7579 7677 7683 7834 8184 8516 8557 9023 9071 9123 9271 9323 9339 9726 9884 9910 10098 10186 10215 10550 10581 10883 11023 11031 11037 11343 11346 11445 11509 11919 12911 13081 13140 13158 13398 13746 13815 13826 13845 13850 13858 13861 13864 13866 13872 13874 13880 13886 13889 13898 13908 13910 13922 13928 13930 13931 13943 13944 13946 13949 13952 13953 13956 13957 13966 13973 13977 13980 13983 13992 14001 14008 14021 14041 14045 14133 15875 19544 19547 19556 19562 19565 19566 19567 19570 20399 20407 
	}
	weather={
	}
}
