
strategic_region={
	id=43
	name="STRATEGICREGION_43"
	provinces={
		467 737 886 931 951 1231 1454 1491 1597 1767 1835 1962 2422 2425 2650 2884 3073 3301 3471 3486 3492 3633 3714 3781 3810 3906 3912 4039 4254 4272 4312 4464 4604 4680 4710 4738 4849 4854 5006 5190 5270 5330 5348 5418 5422 5447 5538 5611 5637 5979 5981 6007 6020 6123 6173 6271 6373 6405 6430 6437 6531 6625 6927 7219 7249 7402 7419 7428 7487 7508 7544 7626 7666 7667 8034 8059 8082 8152 8180 8188 8269 8317 8362 8369 8388 8464 8755 8772 8821 8844 8932 8969 8988 9130 9150 9193 9205 9213 9319 9329 9334 9394 9492 9616 9617 9670 9736 9746 9809 9822 9919 9925 10111 10136 10160 10285 10365 10369 10416 10446 10461 10471 10483 10513 10559 10570 10598 10750 10791 10819 10874 10876 10888 10902 10936 11089 11128 11318 11407 11491 11506 11523 11606 11658 11662 11690 11724 11760 11835 11864 12086 12156 12295 12412 12515 12739 12832 12852 12902 12904 13069 13189 13192 13258 13298 13307 13315 13337 13472 13532 13534 13540 13686 13988 13993 14004 14014 14016 14024 14030 14034 14048 14049 14050 14059 14073 14076 14080 14081 14084 14088 14091 14098 14103 14104 14105 14109 14110 14111 14123 14132 14136 14145 14153 14161 14170 14171 14177 14185 14194 14198 14199 14205 14222 14226 14235 14244 14250 14256 14265 14270 14272 14275 14304 14318 14319 14322 14333 14334 14345 14353 14360 14380 14387 14388 14393 14414 14428 14438 14439 14450 14455 14462 14475 14482 14486 14495 14497 14511 14521 14539 14550 14570 14578 14586 14600 14614 14617 14622 14627 14642 14643 14663 14666 14677 14678 14704 14711 14723 14745 14752 14765 14770 14777 14798 14802 14826 14831 14836 14845 14865 14978 20261 20291 20412 20592 20593 20595 
	}
	weather={
	}
}
