
strategic_region={
	id=44
	name="STRATEGICREGION_44"
	provinces={
		18 51 85 131 298 315 443 452 637 956 1157 1302 1334 1376 1420 1567 1647 1670 1747 1828 1863 1959 2086 2100 2206 2391 2486 2489 2549 2594 2614 2641 2695 2782 2879 3040 3076 3254 3280 3373 3444 3463 3549 3728 3836 3871 3945 4152 4228 4250 4271 4301 4306 4319 4358 4372 4492 4666 4671 4699 4879 4892 4968 5029 5059 5102 5153 5509 5561 5773 5822 5867 5916 5964 6070 6120 6142 6207 6339 6384 6388 6561 6688 6694 6713 6729 6791 6821 6888 6978 7042 7119 7174 7261 7312 7359 7496 7498 7594 7603 7660 7690 7748 7772 7942 8025 8156 8331 8354 8379 8551 8619 8721 8803 9047 9062 9069 9210 9253 9291 9528 9710 9889 10007 10008 10027 10084 10170 10182 10195 10197 10206 10216 10406 10417 10439 10450 10495 10564 10572 10657 10682 10755 10824 10934 10955 10983 11055 11080 11158 11185 11198 11293 11320 11371 11377 11530 11619 11633 11808 11813 11868 11921 11950 11981 11992 12098 12180 12191 12321 12451 12468 12489 12495 12519 12531 12554 12658 12693 12695 12727 12741 12762 12894 12940 13003 13089 13178 13266 13276 13343 13349 13436 13469 13476 13514 13579 13605 13668 13708 14306 14308 14314 14328 14342 14366 14370 14379 14421 14423 14427 14447 14461 14468 14469 14492 14499 14502 14504 14505 14506 14527 14537 14563 14569 14582 14611 14613 14616 14618 14621 14650 14658 14662 14667 14676 14686 14690 14697 14705 14710 14718 14720 14754 14759 14760 14767 14784 14801 14805 14809 14814 14821 14835 14837 14843 14844 14853 14863 14870 14871 14877 14882 14894 14901 14902 14910 14913 14933 14935 14947 14965 14976 14977 15001 15002 15008 15014 15015 15018 15020 15023 15041 15056 15060 15071 15091 15100 15120 15144 15157 15163 15173 19572 19573 19574 19576 19577 20089 20471 20478 20589 20590 20767 
	}
	weather={
	}
}
