
strategic_region={
	id=45
	name="STRATEGICREGION_45"
	provinces={
		214 548 674 731 759 932 1338 1510 1605 1641 1653 1732 1814 1829 2333 2709 2817 2934 3418 3653 3723 4403 4470 4695 5055 5133 5144 5195 5434 5594 5615 5762 6025 6051 6177 6358 6530 6692 6814 7224 7269 7371 7595 7622 8334 8436 8636 8905 9094 9115 9640 10979 12183 12685 13129 13339 13383 13449 13698 14536 14542 14546 14581 14685 14734 14773 14851 14893 14957 15055 19578 19579 19580 19581 20160 20304 20452 20457 20469 20766 20768 20769 20770 20771 20772 20773 20774 20775 20776 
	}
	weather={
	}
}
