
strategic_region={
	id=47
	name="STRATEGICREGION_47"
	provinces={
		53 115 209 474 484 668 838 1130 1134 1301 1544 1594 1677 1961 2098 2219 2253 2420 2455 2541 2785 2829 2869 2963 3234 3246 3407 3598 3693 3733 3857 3942 4089 4139 4444 4465 4471 4575 4705 4752 4893 4927 4945 5036 5042 5073 5221 5332 5384 5404 5487 6058 6087 6090 6292 6309 6484 6654 6761 6784 6845 7029 7069 7137 7146 7422 7481 7507 7538 7582 7649 7903 8523 8894 9037 9086 9148 9190 9606 9620 9729 9750 9845 9851 9866 9935 9945 9986 10147 10177 10208 10344 10353 10443 10458 10477 10521 10545 10591 10640 10702 10864 11000 11003 11049 11100 11217 11240 11409 11460 11679 11733 11876 12261 12300 12479 12501 12529 12609 12628 12645 12646 12683 12686 12718 12740 12765 12793 12795 12950 13172 13269 13288 13303 13430 14970 14982 15000 15007 15012 15022 15031 15040 15049 15064 15077 15082 15097 15109 15110 15111 15119 15123 15124 15135 15150 15152 15153 15162 15165 15176 15221 15224 15233 15241 15254 15258 15260 15270 15278 15287 15304 15311 15321 15322 15336 15345 15352 15361 15370 15381 15404 15409 15416 15431 15434 15445 15452 15453 15467 15475 15477 15480 15483 15484 15491 15495 15504 15511 15512 15524 15536 15537 15538 15546 15570 15606 15646 19492 20498 20777 20778 20783 20791 
	}
	weather={
	}
}
