
strategic_region={
	id=48
	name="STRATEGICREGION_48"
	provinces={
		114 327 391 895 1001 1137 1175 1188 1232 1234 1258 1395 1418 1437 1613 1635 1650 1669 1762 2074 2164 2178 2211 2309 2335 2339 2419 2472 2596 2645 2714 2800 2872 2973 3178 3182 3346 3382 3414 3443 3481 3512 3521 3656 3657 3683 3725 3854 3913 3953 3990 4062 4108 4113 4149 4201 4293 4422 4556 4670 4784 4810 4950 4954 4959 5018 5034 5086 5113 5135 5314 5370 5456 5661 5791 6122 6143 6476 6528 6725 6772 6783 6946 6970 7010 7026 7076 7182 7198 7227 7338 7404 7475 7528 7529 7711 7743 7802 7950 7980 7995 8049 8177 8209 8214 8295 8302 8305 8351 8359 8394 8414 8631 8676 8714 8752 8828 8876 9009 9061 9098 9099 9176 9375 9538 9595 9666 9878 9967 9975 9984 10022 10032 10099 10109 10159 10258 10287 10426 10587 10713 10787 10938 10945 10962 10964 10988 10992 11044 11054 11058 11081 11148 11270 11414 11563 11580 11584 11620 11621 11656 11672 11722 11862 11880 11892 11937 12090 12142 12143 12313 12395 12420 12449 12481 12562 12691 12698 12759 12777 12849 12956 12977 13074 13106 13152 13174 13190 13210 13220 13239 13330 13346 13363 13482 13498 13683 13689 13989 13991 14005 14023 14027 14037 14066 14070 14085 14092 14096 14106 14118 14124 14137 14141 14147 14162 14166 14172 14173 14178 14187 14191 14200 14201 14220 14221 14237 14266 14267 14273 14278 14281 14286 14296 14297 14307 14310 14323 14343 14346 14357 14361 14364 14371 14373 14381 14389 14391 14394 14410 14411 14412 14415 14418 14419 14429 14430 14431 14441 14451 14458 14459 14463 14476 14480 14487 14493 14500 14508 14512 14518 14522 14533 14540 14543 14547 14551 14553 14558 14561 14575 14583 14587 14590 14597 14601 14602 14607 14608 14619 14628 14635 14637 14639 14648 14664 14669 14680 14693 14708 14713 14735 14790 19568 19569 19571 20095 20132 20148 20197 20222 20244 20298 20434 20438 20440 20443 20447 20591 20594 20596 20597 
	}
	weather={
	}
}
