
strategic_region={
	id=49
	name="STRATEGICREGION_49"
	provinces={
		310 464 488 532 605 683 758 773 852 1060 1242 1286 1345 1360 1524 1548 1558 1793 2352 2558 2569 2836 3021 3572 3827 3872 3930 4093 4256 4309 4400 4497 4551 4620 4669 4781 4919 5091 5124 5186 5362 5396 5442 5585 5597 5750 5896 5984 6006 6069 6080 6109 6124 6216 6261 6314 6449 6609 6619 6630 6665 6711 6829 6937 6990 7022 7246 7301 7309 7347 7349 7464 7501 7675 7779 7805 7891 8027 8126 8155 8179 8237 8443 8757 8802 8849 9076 9166 9398 9454 9567 9576 9580 9711 9720 9777 9780 9852 9955 9974 10023 10031 10089 10173 10268 10290 10409 10497 10596 10653 10654 10715 10735 10792 10795 11013 11307 11381 11497 11527 11596 11768 11877 11951 11994 12063 12292 12336 12351 12561 12676 12748 12901 12965 13113 13136 13215 13400 13438 13477 13581 13659 13688 14121 14134 14150 14158 14175 14181 14190 14209 14213 14223 14228 14245 14260 14268 14282 14287 14301 14302 14311 14324 14325 14337 14344 14348 14358 14363 14365 14367 14372 14374 14382 14385 14398 14405 14408 14413 14424 14432 14442 14443 14452 14453 14456 14464 14470 14477 14483 14485 14488 14498 14509 14517 14519 14520 14524 14534 14544 14548 14554 14559 14562 14571 14584 14585 14623 14624 14625 14630 14632 14644 14651 14659 14668 14670 14681 14700 14701 14721 14740 14743 14768 14779 14786 14792 14806 14808 14827 14848 14856 19575 20303 20445 20446 20453 20455 20458 
	}
	weather={
	}
}
