
strategic_region={
	id=50
	name="STRATEGICREGION_50"
	provinces={
		13 75 97 623 796 899 1053 1160 1249 1455 1582 1707 1918 2373 2383 2396 2483 2564 2927 3417 3538 3814 3933 4101 4173 4287 4593 4627 4643 5125 5361 5677 5686 5899 5920 6012 6062 6414 6491 6604 6743 6917 6926 7009 7033 7038 7214 7232 7700 7875 8067 8200 8419 8503 8578 9367 9486 9563 9569 9842 9857 10110 10254 10263 10273 10305 10333 10375 10399 10414 10455 10638 10756 11028 11048 11325 11501 11594 11743 12152 12298 12402 12552 12570 12689 12744 12876 13537 13911 13933 13982 13984 14020 14022 14028 14038 14042 14057 14060 14064 14068 14074 14093 14094 14099 14113 14114 14119 14125 14128 14129 14138 14146 14151 14160 14179 14203 14210 14240 14241 14253 14257 14276 14277 14290 20404 
	}
	weather={
	}
}
