
strategic_region={
	id=51
	name="STRATEGICREGION_51"
	provinces={
		116 359 480 485 647 756 768 825 855 1088 1118 1120 1129 1180 1322 1787 1839 1992 2388 2742 2801 2949 3008 3164 3180 3248 3297 3300 3309 3359 3396 3453 3762 3813 3992 4032 4047 4087 4148 4758 5008 5217 5513 5756 5799 5937 6026 6259 6282 6626 6976 6985 7202 7374 7899 7925 8108 8118 8176 8470 8681 8723 8930 9004 9080 9185 9204 9390 9395 9422 9426 9573 9804 9813 9928 9971 10048 10335 10561 11032 11070 11138 11284 11540 11552 11748 11841 11859 11990 12056 12066 12072 12146 12377 12491 12601 12919 13098 13205 13213 13323 13456 13481 13596 13671 13891 13899 13904 13906 13925 13927 13947 13948 13968 13972 13979 13990 13995 13999 14017 14018 14031 14035 14039 14051 14055 14058 14069 14071 14079 14082 14097 14107 14108 14130 14139 14152 14159 14182 14206 14207 14225 14229 14230 14254 14262 19564 20400 20422 
	}
	weather={
	}
}
