
strategic_region={
	id=52
	name="STRATEGICREGION_52"
	provinces={
		154 256 572 590 1377 1470 1745 1766 2247 2375 2380 2407 2469 2975 3265 3384 3439 3611 3645 3935 4053 4090 4209 4235 4286 4607 4673 4737 4847 4905 5076 5240 5516 5574 5651 5669 5850 6247 6266 6365 6401 6576 6733 6757 6796 6818 6833 6849 6973 7004 7179 7344 7506 7615 7616 7841 7879 8000 8078 8288 8343 8438 8514 8536 8739 8787 8867 8929 8939 9014 9144 9564 9840 10194 10220 10235 10267 10280 10330 10644 10719 10873 10904 11235 11261 11666 12104 12118 12227 12257 12466 12536 12578 12749 12787 13020 13026 13389 13491 13566 13571 13621 13851 13853 13855 13862 13863 13873 13877 13879 13881 13882 13883 13888 13896 13900 13912 13914 13917 13918 13924 13926 13929 13932 13936 13937 13945 13950 13955 13959 13963 13970 13974 13975 13985 13987 14002 14006 14009 14010 14019 14065 14083 14101 14112 14140 
	}
	weather={
	}
}
