
strategic_region={
	id=53
	name="STRATEGICREGION_53"
	provinces={
		32 44 355 395 456 728 746 792 841 903 955 976 1061 1476 1811 1907 1953 2284 2285 2316 2636 2663 2905 2916 2921 3050 3223 3227 3282 3496 3566 3727 3759 3792 3989 4891 4894 4990 5094 5180 5182 5293 5305 5416 5652 5753 5885 5941 6002 6106 6469 6510 6883 7167 7181 8040 8114 8135 8185 8374 8447 8763 8855 9288 9388 9407 9699 9760 9792 9873 9991 10117 10184 10377 10397 10410 10684 10771 10802 11068 11617 11856 11874 11891 11893 12326 12530 12543 12704 12736 12924 13082 13282 13370 13381 13504 13640 13641 13714 13715 13716 13717 13718 13727 13731 13736 13737 13740 13744 13749 13755 13757 13759 13764 13768 13778 13779 13789 13794 13795 13802 13808 13811 13812 13814 13816 13829 13830 13839 13841 13843 13847 20394 20397 20398 20951 20952 20953 20954 20955 20956 20957 20958 20959 20960 20961 20962 20963 20964 20966 20968 20969 20971 20972 
	}
	weather={
	}
}
