
strategic_region={
	id=54
	name="STRATEGICREGION_54"
	provinces={
		137 145 183 394 497 517 535 602 740 766 782 802 1009 1170 1344 1346 1533 1557 1774 1855 1904 2064 2299 2326 2367 2410 2470 2539 2547 2654 2716 2990 2996 3064 3072 3088 3120 3132 3270 3457 3458 3678 3816 3846 3956 4150 4186 4243 4251 4376 4526 4622 4760 4964 5039 5046 5051 5206 5333 5455 5555 5580 6085 6127 6361 6706 6741 6803 6902 6953 6991 7050 7112 7139 7151 7345 7348 7431 7647 7801 7861 7895 7943 7966 8016 8018 8086 8448 8571 8605 8656 8771 8777 8890 8958 8982 8985 9052 9274 9317 9418 9635 9660 9696 9797 9825 10061 10074 10080 10201 10515 10582 10647 10773 10932 11063 11096 11585 11651 11887 12061 12075 12168 12193 12584 12603 12661 12679 12767 12789 12938 13177 13284 13377 13460 13569 13625 13642 13667 17455 17554 17558 17578 17626 17635 17674 17698 17715 17724 17739 17755 17787 17800 17827 17833 17859 17881 17882 17910 17935 17958 17968 18008 18016 18047 18068 18073 18108 18123 18136 18150 18173 18196 18203 18204 18231 18259 18263 18271 18341 18350 18389 18410 18422 18447 20527 
	}
	weather={
	}
}
