
strategic_region={
	id=55
	name="STRATEGICREGION_55"
	provinces={
		189 313 337 361 413 469 564 615 716 717 724 996 1069 1080 1257 1539 1784 1845 1864 1937 1963 2203 2342 2362 2435 2447 2520 2537 2701 2828 2891 3044 3102 3135 3168 3179 3344 3447 3462 3464 3500 3623 3804 3835 3884 3926 4274 4318 4427 4494 4588 4602 4745 5023 5156 5230 5256 5451 5457 5627 5648 5736 5780 5890 6031 6089 6225 6245 6253 6267 6289 6321 6336 6419 6468 6521 6715 7134 7207 7310 7437 7521 7629 7685 7774 7800 7822 7978 8092 8159 8246 8461 8630 8733 8748 8863 9087 9126 9143 9818 9890 9920 10013 10720 10746 10809 10943 11396 11493 11531 11680 11928 12133 12278 12944 13006 13209 13556 13628 13679 19157 19292 19308 19310 19312 19334 19341 19342 19351 19363 19368 19385 19391 19407 19413 19421 19422 19431 19440 19445 19447 19459 19469 19471 19484 19487 19490 19491 19499 19513 19529 19539 21105 21109 
	}
	weather={
	}
}
