
strategic_region={
	id=56
	name="STRATEGICREGION_56"
	provinces={
		104 112 353 426 562 681 691 884 905 1008 1096 1178 1240 1304 1364 1486 1598 1640 1688 1736 1740 1763 1782 1994 2062 2134 2153 2165 2202 2229 2273 2307 2628 2651 3018 3104 3118 3133 3323 3666 3770 4041 4171 4197 4334 4345 4683 4782 4872 4912 4992 5169 5232 5375 5419 5843 5846 5862 5912 6074 6140 6502 6751 6762 6770 6936 6984 7046 7157 7187 7208 7289 7411 7564 7589 7831 7992 8175 8446 8924 9162 9279 9293 9298 9455 9498 9614 9732 9766 9832 10021 10072 10178 10392 10396 10421 11072 11266 11310 11453 11486 11569 11838 11870 11875 11993 12476 12753 12809 12854 12936 13519 13555 19067 19117 19128 19138 19147 19148 19149 19151 19161 19162 19176 19180 19187 19188 19196 19201 19211 19217 19221 19240 19241 19242 19243 19244 19248 19273 19281 19295 19306 19317 19321 19325 19328 19330 19331 19339 19346 19348 19361 19362 19369 19381 19398 19399 19418 19423 19432 20188 20271 20370 20559 
	}
	weather={
	}
}
