
strategic_region={
	id=57
	name="STRATEGICREGION_57"
	provinces={
		35 207 592 619 703 907 1017 1171 1462 1545 1612 1769 1795 1825 1911 2001 2069 2281 2355 2360 2522 2692 2707 2734 2936 2993 3017 3243 3365 3495 3533 3570 3766 3959 4022 4282 4321 4324 4409 4440 4687 4729 4744 4974 5197 5355 5359 5488 5701 6038 6053 6270 6322 6343 6350 6496 6562 6776 7049 7644 7699 7897 8007 8032 8229 8376 8410 8831 9456 9544 9816 9817 9943 10359 10429 10678 10942 10965 11033 11203 11603 11860 12201 12362 12484 12527 12579 13156 13601 17562 17585 17628 17666 17725 17751 17777 17820 17876 17951 18014 18024 18034 18066 18092 18119 18155 18179 18183 18190 18201 18216 18287 18288 18293 18380 18383 18387 18468 18517 18525 18539 20329 
	}
	weather={
	}
}
