
strategic_region={
	id=58
	name="STRATEGICREGION_58"
	provinces={
		65 280 290 403 449 502 541 596 1030 1032 1153 1245 1283 1402 1507 1595 1609 1618 1668 1851 1885 2065 2148 2182 2267 2280 2312 2457 2510 2540 2609 2674 2719 2977 3069 3112 3166 3316 3450 3456 3588 3590 3612 3791 3832 3892 4111 4142 4172 4222 4283 4304 4308 4541 4913 5126 5213 5381 5425 5528 5562 5570 5664 5734 5759 6003 6079 6144 6188 6262 6313 6667 6731 6750 6939 7104 7204 7236 7401 7472 7516 7586 7592 7645 7646 7661 7712 7766 7848 7935 7955 8070 8093 8100 8112 8158 8186 8202 8239 8431 8664 8736 8774 8807 8838 8973 9264 9482 9523 9633 9677 9689 9695 9749 9751 10134 10262 10748 10812 11090 11673 11793 11818 12078 12085 12231 12256 12494 12725 12768 12818 13045 13049 13064 13283 13382 13467 13662 16895 16922 16968 16987 17009 17020 17040 17116 17129 17153 17154 17161 17166 17173 17184 17202 17209 17225 17229 17233 17241 17259 17272 17300 17310 17337 17364 17365 17407 17435 17471 17500 17507 17511 17538 17540 17548 17553 17561 17583 17592 17602 17603 17614 17622 17627 17631 17664 17683 17684 17712 17729 17744 17766 17786 17788 17811 20273 20523 20526 
	}
	weather={
	}
}
