
strategic_region={
	id=59
	name="STRATEGICREGION_59"
	provinces={
		22 95 128 130 422 504 554 701 799 1165 1204 1215 1265 1306 1319 1341 1432 1528 1617 2112 2115 2160 2265 2290 2295 2310 2443 2718 2743 2758 3002 3163 3242 3516 3650 3737 3833 4370 4431 4599 4617 4935 5118 5306 5663 5832 5889 5945 6021 6147 6154 6172 6213 6391 6399 6435 6445 6453 6470 6634 6742 6755 6763 6781 6782 6795 6801 6809 6811 7027 7315 7353 7513 7569 7730 7804 8101 8102 8107 8189 8272 8304 8486 8508 8618 8625 8685 8770 8792 8975 9024 9097 9139 9218 9285 9348 9513 9601 10219 10225 10246 10345 10624 11069 11422 12162 12165 12197 12574 12710 13022 13076 13148 13260 13470 13577 18448 18519 18538 18589 18674 18685 18704 18717 18735 18756 18762 18791 18803 18839 18846 18874 18883 18902 18904 18910 18915 18922 18944 18966 18975 18980 18986 19003 19008 19009 19023 19044 19056 19084 19085 19086 
	}
	weather={
	}
}
