
strategic_region={
	id=60
	name="STRATEGICREGION_60"
	provinces={
		20 78 82 120 195 200 215 219 232 252 292 307 397 404 576 678 704 725 776 790 812 901 902 952 978 986 1005 1042 1059 1106 1190 1213 1241 1292 1515 1592 1643 1680 1733 1744 1777 1842 1861 1908 1951 2146 2200 2217 2354 2426 2790 3084 3106 3116 3231 3349 3927 4054 4143 4402 4408 4434 4511 4585 4631 4914 4916 4936 5110 5145 5863 5906 5948 5954 6004 6093 6240 6295 6394 6623 6698 6769 6913 6918 6920 6951 7072 7239 7276 7500 7510 7580 7640 7662 7678 7719 7744 7846 8013 8033 8037 8124 8249 8259 8280 8433 8437 8456 8773 8977 8996 9577 9725 10135 10222 10275 10384 10539 10543 10568 10729 10786 10879 10937 11014 11036 11257 11329 11378 11477 11543 11570 11730 11747 11879 12419 12445 12641 12974 13057 13259 13405 13523 18741 18832 18866 18890 18958 18994 19004 19005 19030 19038 19048 19058 19059 19082 19094 19102 19113 19114 19115 19116 19135 19136 19150 19155 19175 19207 19214 19219 19252 19256 19264 19270 19282 19307 19309 19319 19367 19412 19427 19475 20192 20202 20230 21083 21084 21085 21086 21087 21088 21089 21090 21091 21092 21106 21107 21108 
	}
	weather={
	}
}
