
strategic_region={
	id=61
	name="STRATEGICREGION_61"
	provinces={
		15 96 123 169 246 482 489 530 660 694 754 760 779 808 942 948 1075 1112 1135 1183 1398 1466 1505 1743 1797 1809 1819 1958 1987 2095 2109 2122 2162 2174 2250 2399 2436 2500 2622 2646 2688 2737 2796 2843 2881 2935 2986 3005 3067 3260 3374 3397 3614 3652 3805 3823 3877 3978 4029 4057 4075 4094 4175 4178 4303 4332 4347 4388 4406 4417 4483 4501 4517 4647 4897 4924 5020 5041 5062 5070 5093 5098 5149 5187 5207 5209 5245 5319 5326 5338 5377 5387 5414 5545 5564 5599 5605 5647 5774 5957 5963 6108 6137 6191 6205 6238 6242 6310 6351 6402 6410 6487 6498 6602 6642 6658 6882 6896 6928 6929 7011 7079 7113 7164 7266 7273 7355 7364 7394 7433 7485 7509 7522 7573 7679 7706 7727 7753 7810 7819 7842 7917 7940 8019 8190 8240 8284 8332 8478 8481 8691 8693 8877 8966 8986 9000 9040 9070 9111 9159 9191 9196 9230 9320 9801 9938 10005 10025 10141 10383 10386 10422 10424 10436 10437 10491 10668 10708 10754 10834 10878 10927 10986 11094 11228 11243 11299 11326 11358 11513 11591 11610 11616 11625 11654 11896 11898 12116 12294 12305 12314 12500 12648 12788 12814 12872 12903 12963 13009 13013 13019 13078 13080 13218 13223 13231 13462 13465 13664 17795 17862 17886 17915 17965 17970 17984 18000 18023 18041 18042 18048 18054 18057 18076 18086 18096 18124 18128 18129 18174 18197 18200 18205 18206 18226 18228 18245 18264 18280 18281 18285 18292 18296 18320 18332 18342 18351 18355 18359 18366 18369 18402 18419 18432 18436 18449 18454 18455 18465 18467 18483 18487 18496 18497 18510 18531 18542 18555 18561 18585 18605 18617 18641 18654 18662 18697 18714 18747 18754 18755 18768 18780 18860 18868 18896 18899 18912 18913 18965 20109 20253 
	}
	weather={
	}
}
