
strategic_region={
	id=62
	name="STRATEGICREGION_62"
	provinces={
		74 206 229 334 396 537 560 578 741 774 933 950 988 1023 1046 1087 1138 1147 1195 1358 1542 1574 1619 1949 2006 2026 2067 2205 2238 2256 2464 2491 2697 2784 2815 2947 3090 3187 3204 3299 3338 3386 3406 3411 3429 3446 3502 3540 3547 3554 3602 3622 3655 3709 3751 3848 3961 4565 4823 5134 5193 5335 5366 5464 5512 5619 5642 5643 5657 5672 5708 5726 5829 5878 6086 6102 6228 6308 6535 6550 6678 6947 7007 7018 7149 7357 7627 7676 7762 7993 8490 8679 8701 8793 8824 8874 8999 9103 9168 9277 9408 9420 9629 9806 9824 10000 10043 10196 10291 10488 10500 10526 10578 10629 10757 10778 10890 10892 11007 11039 11071 11135 11237 11447 11483 11547 11631 11782 11792 11812 11819 12149 12163 12184 12208 12239 12243 12503 12594 12734 12779 12976 13079 13109 13130 13131 13186 13305 13447 13502 13604 18358 18451 18482 18516 18627 18639 18671 18729 18739 18746 18765 18785 18797 18814 18817 18818 18838 18847 18851 18858 18882 18892 18920 18978 18990 18996 19025 19029 19052 19060 19066 19073 19130 19134 19140 19143 19145 19164 19171 19174 19181 19199 19209 19213 19237 19259 20134 20195 20219 20348 20355 
	}
	weather={
	}
}
