
strategic_region={
	id=63
	name="STRATEGICREGION_63"
	provinces={
		7 68 144 271 288 336 392 417 458 521 571 650 709 777 787 806 947 1127 1163 1197 1226 1383 1521 1730 1748 1764 1850 1867 1925 1926 1960 2031 2051 2054 2159 2213 2215 2291 2298 2317 2356 2424 2521 2554 2592 2662 2669 2712 3121 3129 3146 3465 3473 3494 3510 3735 3782 3911 3983 4061 4095 4110 4114 4198 4218 4273 4360 4488 4580 4603 4751 4803 4948 4999 5060 5087 5095 5105 5249 5339 5350 5411 5427 5461 5535 5625 5786 5828 5921 5956 5983 5985 6101 6214 6227 6294 6299 6330 6431 6433 6684 6691 6790 6837 6852 6934 6945 6987 6989 7071 7206 7267 7323 7373 7382 7417 7456 7520 7598 7604 7608 7614 7681 7747 7828 7923 7956 7967 7975 8022 8050 8104 8146 8274 8290 8357 8372 8384 8482 8529 8535 8550 8568 8590 8627 8654 8655 8690 8761 8776 8820 8926 8935 9020 9039 9124 9257 9296 9307 9421 9423 9551 9604 9877 9885 9922 9995 9996 10014 10050 10151 10251 10270 10279 10303 10352 10381 10445 10530 10671 10698 10730 10742 10831 10865 11085 11103 11134 11164 11321 11332 11412 11421 11562 11696 11734 11753 11827 11857 11940 11946 11979 12166 12167 12213 12337 12378 12504 12596 12614 12625 12639 12664 12743 12804 12870 12953 12981 13024 13032 13084 13085 13154 13194 13257 13387 13394 13426 13606 13620 17601 17647 17650 17688 17697 17733 17737 17763 17767 17770 17798 17810 17819 17826 17832 17840 17861 17868 17869 17873 17895 17900 17945 17973 17983 17986 17999 18046 18064 18078 18083 18085 18095 18101 18114 18141 18148 18152 18166 18168 18172 18181 18199 18208 18209 18215 18234 18238 18242 18257 18258 18262 18268 18273 18274 18275 18279 18286 18291 18311 18327 18328 18329 18330 18331 18335 18338 18365 18368 18386 18418 18425 18426 18427 18440 18443 18495 18507 18515 18524 18552 18553 18558 18566 18570 18596 18607 18609 18629 18677 18683 18718 18734 20201 20238 20265 20349 20533 20536 20537 
	}
	weather={
	}
}
