
strategic_region={
	id=64
	name="STRATEGICREGION_64"
	provinces={
		544 584 653 684 1100 1108 1269 1608 1626 1836 1929 2000 2068 2076 2136 2255 2398 2405 2581 2803 2809 2873 2886 2946 3214 3454 3691 3739 3786 3795 3811 3900 3920 4092 4211 4225 4336 4533 4589 4596 4608 4653 4813 5129 5176 5205 5358 5371 5549 5579 5741 5772 5817 5901 5951 5953 5967 5969 6067 6132 6146 6208 6264 6283 6326 6590 6703 6846 7073 7143 7165 7193 7352 7363 7387 7397 7514 7771 8080 8081 8316 8380 8389 8393 8474 8498 8597 8956 8972 9016 9073 9101 9270 9341 9636 9684 9692 9916 10010 10090 10125 10126 10355 10405 10423 10520 10655 10681 10854 11234 11327 11328 11362 11369 11446 11478 11788 11913 11997 12020 12129 12312 12406 12442 12573 12634 12707 12964 12990 12994 13308 13318 13418 13443 13516 13650 13665 17691 17700 17701 17731 17738 17750 17762 17799 17806 17839 17891 17892 17899 17909 17917 17924 17925 17929 17934 17940 17944 17949 17955 17956 17964 17982 17988 17991 17992 17997 17998 18013 18019 18028 18033 18043 18051 18053 18065 18075 18094 18099 18100 18107 18118 18135 18137 18139 18147 18163 18164 18175 18189 18192 18211 18214 18237 18248 18251 18260 18267 18270 18278 18290 18314 20162 20327 20680 20701 20702 20703 
	}
	weather={
	}
}
