
strategic_region={
	id=65
	name="STRATEGICREGION_65"
	provinces={
		187 216 243 374 492 853 1128 1278 1350 1496 1589 1775 1779 2023 2063 2124 2328 2452 2635 2659 2677 2736 2768 2866 3063 3098 3155 3289 3606 3784 3859 4037 4485 4518 4587 4650 4678 4740 4838 4898 5132 5262 5356 5399 5438 5439 5495 5798 5806 5854 6027 6050 6383 6389 6429 6480 6508 6539 6542 6707 6754 6802 6897 6993 7131 7163 7176 7230 7235 7300 7341 7398 7492 7575 7695 7826 8077 8116 8358 8417 8543 8575 8724 8789 8804 8900 8945 8989 8995 9135 9371 9417 9432 9520 9592 9593 9653 9794 9887 10017 10224 10272 10306 10517 10518 10633 10652 10675 10705 10722 10761 10842 10910 10911 11022 11038 11123 11199 11393 11424 11439 11466 11573 11660 11933 11955 12043 12064 12132 12148 12190 12214 12217 12369 12411 12422 12427 12429 12537 12557 12682 12841 12942 13017 13143 13235 13277 13384 13487 13489 13603 13635 13639 13763 13787 13813 14789 16237 16363 16367 16381 16398 16411 16421 16425 16439 16442 16447 16466 16474 16476 16481 16486 16522 16530 16543 16560 16572 16582 16589 16596 16597 16600 16613 16624 16632 16645 16651 16659 16671 16686 16713 16717 16737 16743 16749 16752 16757 16763 16766 16792 16809 16849 16886 16903 16913 16916 16931 16939 16952 16967 17005 17006 17046 17073 17077 17092 17093 17118 17140 17158 17307 20518 20567 20689 20690 20691 20692 
	}
	weather={
	}
}
