
strategic_region={
	id=66
	name="STRATEGICREGION_66"
	provinces={
		72 118 142 156 345 508 570 598 761 791 818 1018 1019 1289 1324 1408 1458 1511 1802 1874 1956 2180 2210 2272 2275 2365 2458 2615 2693 2868 3107 3117 3134 3293 3320 3394 3536 3608 3637 3701 3718 3886 3988 4011 4124 4187 4224 4233 4261 4437 4476 4491 4508 4509 4571 4573 4667 4700 4771 4794 4836 4958 4985 5002 5010 5111 5220 5231 5289 5312 5369 5391 5554 5566 5606 5639 5644 5667 5710 5712 5770 6036 6049 6325 6380 6422 6426 6441 6490 6511 6519 6520 6586 6628 6805 6828 6853 6894 6901 6981 7088 7111 7248 7318 7388 7581 7907 7963 7981 8058 8170 8232 8235 8261 8271 8294 8306 8325 8327 8349 8353 8367 8422 8477 8541 8686 8738 8799 8864 8948 8983 9018 9066 9153 9292 9347 9361 9393 9434 9475 9559 9588 9628 9747 9763 9768 9964 9993 10045 10082 10115 10128 10187 10278 10358 10362 10490 10492 10510 10549 10607 10648 10685 10700 10710 10716 10852 10870 10958 10978 11010 11025 11047 11099 11166 11178 11427 11440 11572 11601 11634 11711 11736 11798 11844 11944 11962 11985 12029 12101 12120 12160 12195 12360 12417 12425 12447 12459 12487 12490 12509 12640 12715 12722 12763 12867 12869 12935 13002 13018 13161 13181 13229 13326 13360 13378 13392 13478 13670 13673 13706 16085 16120 16161 16167 16180 16185 16200 16209 16219 16226 16250 16273 16274 16280 16283 16291 16295 16300 16303 16308 16309 16311 16314 16322 16330 16342 16343 16348 16368 16378 16387 16388 16392 16399 16403 16415 16455 16456 16464 16477 16483 16487 16494 16503 16523 16524 16531 16532 16538 16544 16545 16550 16551 16553 16555 16565 16573 16574 16581 16609 16618 16620 16628 16633 16646 16652 16661 16681 16702 16703 16704 16708 16714 16725 16730 16739 16746 16797 16803 16806 16817 16820 16821 16833 16842 16845 16860 16863 16884 16885 16887 16909 16926 16944 16954 16982 16986 17032 17035 17054 17088 17102 17110 17115 17121 17122 17138 17148 17165 17183 17224 17227 17236 17238 17245 17258 17280 17314 17332 17363 17377 20515 20516 20682 20684 20685 20687 
	}
	weather={
	}
}
