
strategic_region={
	id=67
	name="STRATEGICREGION_67"
	provinces={
		126 135 349 387 609 656 662 733 770 908 1330 1428 1451 1499 1501 1527 1566 1689 1697 1702 1721 2085 2151 2236 2485 2618 2625 2630 2647 2681 2759 2864 2893 2919 2922 3127 3247 3424 3526 3603 3721 3783 3851 3862 3875 4020 4120 4269 4363 4570 4581 4773 4783 4788 4933 5026 5033 5066 5099 5227 5242 5271 5294 5506 5666 5740 5928 6063 6104 6204 6215 6232 6249 6345 6413 6452 6555 6677 6704 6719 6732 6774 6804 6898 6935 7098 7196 7278 7462 7694 7839 7840 7894 7962 7974 8072 8106 8194 8195 8196 8257 8307 8385 8386 8492 8613 8697 8698 8722 8747 8805 8885 8892 8899 8933 8938 8942 9032 9102 9248 9254 9299 9314 9489 9501 9509 9532 9541 9568 9583 9609 9615 9664 9717 9841 9898 9902 9903 9951 10056 10059 10073 10340 10431 10503 10643 10665 10805 10894 10908 10960 11160 11287 11349 11433 11443 11489 11498 11519 11574 11635 11640 11664 11681 11719 11775 11781 11848 11869 11873 11881 11886 11942 11957 11971 12005 12049 12141 12144 12150 12438 12464 12577 12745 12796 12813 12839 12859 12929 12973 12984 12995 13007 13054 13127 13144 13151 13197 13230 13345 13484 13580 13633 16677 16695 16701 16707 16721 16729 16753 16754 16758 16765 16774 16786 16788 16802 16826 16827 16854 16867 16883 16901 16904 16932 16940 16943 16953 16960 16961 16974 16985 17014 17019 17027 17037 17049 17050 17069 17070 17094 17100 17124 17133 17146 17147 17156 17172 17193 17200 17201 17205 17214 17217 17220 17235 17247 17276 17290 17309 17313 17336 17358 17361 17369 17374 17388 17405 17406 17439 17454 17460 17461 17470 17483 17487 17489 17503 17513 17517 17525 17529 17567 17568 17678 17687 17723 20322 20693 20694 20696 20697 
	}
	weather={
	}
}
