
strategic_region={
	id=68
	name="STRATEGICREGION_68"
	provinces={
		26 48 121 220 935 967 970 1086 1271 1386 1481 1621 1671 1761 1856 1901 2015 2154 2369 2413 2429 2441 2479 2528 2536 2587 2733 2765 3066 3150 3219 3430 3485 3499 3528 3599 3630 3632 3668 3674 3679 3708 3775 3806 3830 3896 3958 4034 4058 4130 4302 4367 4380 4404 4450 4473 4597 4652 4654 4791 4825 4826 4850 4869 4979 5028 5044 5101 5106 5119 5165 5201 5203 5409 5467 5588 5609 5848 5886 5935 6011 6096 6114 6193 6206 6417 6585 6616 6620 6687 6758 6787 6812 6874 6875 6960 6986 7128 7265 7385 7532 7574 7722 7757 7764 7784 8143 8160 8244 8278 8318 8356 8373 8409 8518 8565 8766 8815 8915 8953 8963 9104 9137 9226 9287 9342 9377 9719 9808 9948 10012 10155 10171 10174 10238 10309 10597 10714 10721 10739 10828 10858 10933 10940 10956 11041 11062 11143 11222 11268 11399 11413 11441 11473 11561 11756 11783 11821 11823 11852 11974 12036 12108 12135 12139 12204 12263 12302 12330 12368 12400 12539 12576 12670 12735 12838 12850 12889 13014 13159 13170 13176 13429 13464 13617 16775 16796 16838 16841 16868 16870 16917 16920 16934 16948 16957 16971 16996 16997 17007 17047 17058 17071 17101 17109 17119 17134 17157 17159 17244 17248 17268 17293 17298 17320 17329 17370 17372 17400 17401 17402 17403 17413 17431 17434 17441 17445 17450 17457 17462 17463 17468 17498 17506 17514 17518 17519 17521 17537 17542 17547 17557 17576 17577 17580 17590 17591 17596 17597 17605 17611 17619 17634 17636 17663 17682 17686 17696 17702 17703 17707 17711 17720 17732 17736 17741 17775 17776 17784 17790 17814 17823 17825 17864 17920 17930 20695 
	}
	weather={
	}
}
