
strategic_region={
	id=69
	name="STRATEGICREGION_69"
	provinces={
		158 192 338 424 509 536 990 1111 1219 1318 1389 1512 1546 1759 1830 1857 1955 2058 2132 2197 2338 2431 2515 2797 2825 3340 3731 3747 4165 4223 4245 4484 4515 4613 4648 4757 4917 4940 5121 5179 5192 5239 5297 5431 5445 5501 5519 5855 5911 6222 6316 6532 6578 6822 7212 7250 7257 7325 7392 7454 7523 7785 7929 8066 8241 8397 8533 8554 8750 8814 8839 9042 9667 9669 9933 10319 10840 10849 10967 11170 11389 11480 11511 11583 11642 11683 11960 12015 12127 12182 12914 13025 19389 19390 19405 19439 19460 19464 19472 19502 19503 19511 19512 19514 19519 19521 19522 19524 19536 19537 19538 
	}
	weather={
	}
}
