
strategic_region={
	id=70
	name="STRATEGICREGION_70"
	provinces={
		45 61 111 146 199 224 231 248 251 468 491 579 834 862 882 1049 1094 1116 1166 1209 1273 1298 1579 1603 1622 1810 1846 1871 1935 1944 2147 2228 2230 2241 2301 2324 2397 2451 2467 2568 2597 2632 2754 2940 2943 2964 3074 3194 3215 3329 3390 3541 3578 3641 3706 3794 3828 3850 3957 4077 4132 4291 4446 4574 4659 4698 4727 4764 4767 4820 4855 4864 4969 4977 5139 5175 5344 5413 5469 5553 5792 6112 6115 6183 6436 6640 6649 6683 6789 6806 6893 6903 6944 7041 7086 7138 7188 7200 7223 7524 7635 7756 7760 7761 7827 7864 7873 8264 8365 8387 8669 8967 9140 9634 9870 9880 10034 10150 10193 10276 10302 10316 10494 10556 10645 10690 10707 10838 11136 11457 11458 11626 11667 11694 11806 11961 12025 12170 12281 12505 12514 12525 13030 13234 13544 13599 13672 13704 17398 17458 17512 17520 17523 17559 17586 17600 17604 17607 17651 17679 17692 17708 17710 17713 17773 17888 17905 17912 17947 17974 17994 18007 18032 18097 18115 18176 18210 18217 18223 18227 18239 18302 18322 18323 18339 18345 18360 18548 18571 18610 18873 20149 20226 20270 20274 20324 20326 20330 20525 20530 20531 20532 20534 
	}
	weather={
	}
}
