
strategic_region={
	id=71
	name="STRATEGICREGION_71"
	provinces={
		89 91 344 663 944 959 1006 1035 1210 1227 1251 1447 1631 1989 2239 2358 2450 2516 2588 2642 2766 2851 3024 3056 3160 3348 3395 3604 3682 3688 3720 3819 4023 4055 4242 4265 4307 4474 4661 4716 4799 5031 5406 5537 5751 5819 5915 5917 6636 7107 7150 7400 7741 7813 7865 8127 8720 8843 8886 9184 9508 9605 9623 9953 10527 10709 10774 10950 11119 11196 11205 11385 11418 11723 11765 11776 12004 12179 12238 12808 12922 13090 13126 13146 13279 13385 13386 13413 13607 19271 19277 19293 19299 19318 19320 19336 19354 19370 19373 19375 19376 19377 19382 19384 19388 19393 19395 19415 19425 19451 19470 19473 19498 19584 19585 19586 19587 20564 20884 21004 21006 21007 21008 21009 21010 21014 21015 21016 21018 21019 21020 21021 21022 21023 21102 21104 
	}
	weather={
	}
}
