
strategic_region={
	id=72
	name="STRATEGICREGION_72"
	provinces={
		70 108 472 588 747 767 1281 1587 1659 1853 1868 1998 2108 2173 2258 2353 2406 2434 2506 2672 2684 2753 2827 2839 2859 2991 3041 3047 3218 3220 3294 3351 3460 3555 3565 3631 3640 4043 4188 4315 4323 4514 4520 4579 4629 4712 4732 5253 5276 5589 5598 5689 5783 5894 5908 6161 6175 6200 6320 6415 6544 6671 6681 7255 7282 7305 7410 7424 7473 7567 7620 7669 7986 8054 8174 8538 8579 8728 8834 8851 8907 9045 9571 9586 9652 9774 9775 9911 10063 10081 10139 10175 10256 10361 10462 10601 10650 10762 10912 11388 11529 11814 11882 11953 11989 12014 12296 12340 12375 12383 12404 12498 12549 12555 12608 12700 12812 12857 12923 12975 13063 13072 13128 13188 13432 13451 13527 13658 18947 18962 19035 19037 19040 19042 19043 19046 19047 19050 19057 19063 19069 19072 19077 19083 19088 19091 19100 19108 19110 19124 19142 19153 19159 19172 19173 19178 19185 19192 19206 19218 19226 19245 19246 19258 19269 20553 20554 20704 20885 
	}
	weather={
	}
}
