
strategic_region={
	id=73
	name="STRATEGICREGION_73"
	provinces={
		14 295 804 809 1031 1044 1161 1396 1407 1562 1662 1674 1679 1693 1714 1724 1919 2003 2105 2361 2371 2599 2705 2745 2902 2908 2941 3010 3078 3170 3173 3314 3360 3474 3520 3548 3844 3950 4008 4052 4147 4168 4292 4357 4418 4426 4462 4696 4779 4828 4963 5009 5138 5200 5229 5254 5388 5484 5584 5591 5731 5745 5784 5830 5852 5902 5913 5952 6034 6057 6171 6274 6323 6329 6354 6374 6424 6513 6607 6646 6771 7102 7390 7413 7527 7584 8120 8292 8342 8526 8569 8589 8706 8731 8764 8878 8959 8961 8987 9031 9113 9164 9360 9372 9446 9478 9488 9618 9642 10038 10091 10261 10516 10555 10712 10823 10951 11030 11040 11065 11105 11133 11432 11451 11567 11670 11686 11787 11901 11978 12016 12080 12105 12244 12264 12266 12454 12551 12690 12891 13065 13073 13164 13221 13281 13301 13329 13397 13499 13503 13542 13549 18686 18688 18700 18706 18711 18722 18725 18731 18738 18761 18767 18772 18787 18796 18812 18816 18823 18824 18836 18844 18852 18856 18872 18875 18880 18881 18887 18895 18898 18908 18909 18914 18917 18921 18933 18934 18935 18938 18949 18953 18964 18968 18973 18976 18977 18983 18985 18997 19002 19017 19024 19027 19032 19055 19061 19065 19078 19093 19106 19109 19112 19122 19127 19129 19179 19183 19186 19195 20125 20245 20351 20353 21036 21037 
	}
	weather={
	}
}
