
strategic_region={
	id=74
	name="STRATEGICREGION_74"
	provinces={
		33 71 124 140 162 218 398 490 539 585 695 745 823 1056 1266 1315 1493 1509 1547 1590 1607 1770 1985 2915 2980 3335 3788 3869 3876 4325 4401 4503 4512 5057 5943 6055 6518 6709 6847 8053 8084 8095 8208 8311 8812 9091 9389 9814 10203 10402 10525 10651 10656 10659 10953 11024 11059 11534 11805 12523 12771 12853 13212 13452 13590 19229 19232 19301 19353 19403 19443 19446 19457 19495 19526 19527 19528 19540 21005 21011 21012 21013 21017 21024 21025 21026 21027 21028 21029 21030 21031 21032 21035 21040 21041 21042 21043 21044 21045 21046 21047 21048 21049 21050 21051 21052 21053 21100 21101 21103 
	}
	weather={
	}
}
