
strategic_region={
	id=75
	name="STRATEGICREGION_75"
	provinces={
		238 329 505 545 645 669 718 805 836 839 1370 1371 1460 1569 1571 1751 1837 1914 1976 2107 2220 2340 2529 2633 2776 2792 3191 3213 3226 3664 3730 3902 4560 4614 4899 5072 5109 5323 5491 5892 6235 6912 7262 7328 7351 7511 7541 8076 8401 8408 8549 8901 9127 9170 9275 9733 10242 10444 10456 10489 10496 10536 10567 12114 12209 12225 12547 12775 12797 13631 19167 19170 19198 19233 19253 19262 19272 19287 19323 19329 19347 19380 19383 19396 19406 19411 19416 19417 21033 21034 21038 21039 21054 21055 21056 21057 21058 21059 21060 21061 21062 21063 21064 21065 21066 21071 21072 21073 21074 21075 21076 21077 21078 21097 21098 21099 
	}
	weather={
	}
}
