
strategic_region={
	id=76
	name="STRATEGICREGION_76"
	provinces={
		90 230 265 430 626 687 807 835 850 1040 1072 1320 1517 1610 1734 1776 1785 1789 1792 1799 1872 1954 2157 2474 2488 2525 2613 2713 2756 2810 2909 3136 3216 3241 3256 3379 3470 3595 3626 3643 3702 3712 3870 3972 4264 4277 4279 4281 4341 4379 4651 4934 4960 5117 5143 5222 5299 5311 5315 5424 5459 5514 5614 5997 6068 6145 6260 6346 6404 6483 6580 6666 6673 6700 6717 6734 6797 6842 7099 7244 7447 7572 7783 7912 8009 8023 8252 8398 8435 8439 8558 8856 8861 9138 9440 9502 9713 9848 10078 10133 10207 10565 10734 10836 10860 10961 11364 11376 11510 12320 12381 12492 12544 12680 12985 12989 13340 13368 13459 13655 19154 19200 19230 19275 19280 19291 19294 19305 19313 19324 19333 19335 19364 19374 19404 19410 19419 19420 19426 19430 19458 19465 19467 19477 19486 19496 19505 19515 19518 19535 20252 20374 20376 21067 21068 21069 21070 21079 21080 21081 21082 21093 21094 21095 21096 
	}
	weather={
	}
}
