
strategic_region={
	id=77
	name="STRATEGICREGION_77"
	provinces={
		103 272 339 373 381 439 460 499 851 1012 1220 1316 1638 1708 1832 1882 2126 2177 2251 2292 2465 2676 2848 3080 3509 3860 3885 4021 4270 4521 4708 4902 4942 5281 5482 5529 5607 6000 6372 6651 6657 6983 6996 7085 7140 7457 7906 7997 7999 8224 8287 8341 8453 8606 8621 8637 9085 9100 9160 9631 9697 9769 9865 9901 10071 10243 10300 10813 10868 10977 11184 11384 11554 11675 11708 11982 12807 12864 12888 12968 13034 13182 13410 19194 19205 19215 19225 19234 19239 19254 19257 19261 19266 19268 19274 19278 19279 19283 19290 19298 19300 19302 19304 19327 19338 19340 19352 19355 19356 19379 19387 19397 19582 19583 20562 20851 20852 20853 20854 20855 20876 20878 20879 20881 
	}
	weather={
	}
}
