
strategic_region={
	id=78
	name="STRATEGICREGION_78"
	provinces={
		28 152 244 264 442 600 708 710 896 1016 1079 1122 1412 1530 1600 1633 1720 2110 2179 2271 2573 2694 2778 2789 3037 3096 3105 3217 3290 3308 3372 3376 3476 3698 3741 3824 3883 3949 4348 4396 4554 4876 5038 5146 5199 5241 5448 5460 5468 5480 5624 5793 5882 6032 6129 6184 6353 6554 6739 6830 6887 6921 6962 7295 7339 7448 7466 7483 7549 7607 7713 7718 7755 7881 7936 7957 7976 8228 8441 8588 8648 8670 9332 9392 9403 9462 9550 9659 9796 9803 9823 9913 9983 9988 10028 10428 10592 10696 11183 11220 11289 11721 12268 12354 12399 12586 12642 12916 13037 13196 13396 13674 19297 19314 19332 19349 19359 19360 19366 19402 19408 19409 19424 19429 19435 19438 19442 19449 19453 19455 19456 19466 19474 19476 19479 19482 19483 19488 19489 19494 19497 19501 19504 19506 19507 19508 19509 19510 19517 19530 19534 19542 19543 20169 20194 20269 20371 20372 20563 20565 20856 20857 20858 20859 20860 20861 20862 20863 20869 20870 20871 20872 20873 20874 20883 
	}
	weather={
	}
}
