
strategic_region={
	id=79
	name="STRATEGICREGION_79"
	provinces={
		29 190 335 354 380 429 597 714 727 798 817 863 873 900 934 980 1173 1218 1230 1274 1388 1559 1991 2020 2022 2088 2337 2414 2546 2593 2634 2771 2820 2877 2942 3031 3139 3152 3186 3296 3334 3697 3780 3801 4212 4352 4425 4660 4720 4726 4848 5043 5050 5711 5874 5893 5936 6048 6100 6121 6287 6522 6601 6820 6870 6906 7229 7380 7418 7429 7558 7781 8083 8150 8234 8400 8711 8922 8974 8981 9048 9284 9364 9560 9949 9968 10070 10129 10441 10595 10620 11503 11685 11780 11826 11839 12027 12187 12724 12738 12750 12766 13047 13597 19193 19222 19223 19238 19247 19251 19260 19263 19284 19289 19296 19315 19316 19322 19343 19344 19358 19386 19394 19401 19428 19437 19441 19462 19463 19478 19480 19481 19520 19541 20177 20183 20262 20363 20366 20367 20556 20560 20561 20837 20846 20847 20848 20864 20865 20866 20867 20868 
	}
	weather={
	}
}
