
strategic_region={
	id=80
	name="STRATEGICREGION_80"
	provinces={
		46 285 415 438 457 459 664 680 721 771 848 1099 1238 1380 1425 1438 1585 1838 1948 2055 2156 2176 2278 2283 2289 2495 2548 2715 2773 2865 3019 3195 3343 3432 3434 3544 4014 4026 4140 4181 4229 4759 4886 4995 5092 5228 5264 5596 5685 5914 6044 6263 6273 6560 6672 6720 6775 7105 7123 7317 7391 7658 7709 7845 8680 9370 9477 9481 10247 10394 10529 10913 11272 11311 11636 11698 11996 12265 12398 13439 19337 19345 19357 19365 19371 19378 19433 19434 19436 19448 19450 19452 19454 19461 19468 19485 19493 19500 19523 19525 19532 20566 20821 20822 20823 20824 20825 20826 20827 20838 20839 20840 20842 20843 20844 20845 
	}
	weather={
	}
}
