
strategic_region={
	id=81
	name="STRATEGICREGION_81"
	provinces={
		210 249 347 412 440 451 481 801 822 911 983 1374 1642 1690 1971 2041 2462 2735 2788 2914 2979 2995 3086 3207 3261 3284 3388 3897 4084 4086 4262 4457 4595 4723 4852 5247 5379 5668 6056 7172 7798 8151 8157 8425 8927 9125 9221 9250 9716 10055 10097 10298 10486 10829 11078 11316 11661 11774 12587 12899 13353 13358 19034 19105 19125 19169 19182 19210 19224 19227 19286 19288 19326 20144 20152 20264 20357 20368 20557 20828 20829 20830 20831 20833 20841 
	}
	weather={
	}
}
