
strategic_region={
	id=82
	name="STRATEGICREGION_82"
	provinces={
		845 960 1347 1405 1414 1485 1570 1754 1826 1972 2237 2378 2580 2652 2845 2945 3109 3271 3583 3593 3750 3866 4098 4156 4366 4468 4507 4527 4568 4722 5309 5336 5563 5883 5907 6167 6291 6319 6515 6648 7097 7242 7376 7443 7698 7971 8003 8430 8609 8743 9173 9268 9555 10420 11162 11347 11368 12203 12276 12433 12470 12997 13153 13216 18625 18649 18668 18681 18715 18771 18825 18888 18919 19010 19013 19033 19071 19090 19111 19190 20094 20156 20229 20358 20708 20709 20724 20725 20726 20727 20807 20808 20809 20810 20811 20812 20834 20836 
	}
	weather={
	}
}
