
strategic_region={
	id=84
	name="STRATEGICREGION_84"
	provinces={
		222 365 520 711 1148 1459 1632 1752 1876 1900 1902 2144 2199 2227 2430 2798 3051 3161 3369 3436 3455 3542 3729 3946 4083 4559 4714 4907 5005 5189 5679 5826 6037 6148 6155 7008 7023 7252 8079 8131 8133 8347 8641 8891 9053 9132 9927 10002 10039 10054 10541 11045 11087 11246 11431 12158 12236 12348 12435 12458 12550 12656 12694 12773 13289 13692 18568 18573 18586 18611 18613 18615 18618 18632 18634 18642 18663 18698 18723 18751 18757 18763 18764 18789 18795 18829 18830 18833 18893 18905 18941 18969 18971 19021 20128 20155 20189 20247 20338 20341 20343 20345 20346 20350 20544 20545 20546 20550 20706 20707 20713 20723 20728 20729 20731 20732 20733 20734 
	}
	weather={
	}
}
