
strategic_region={
	id=85
	name="STRATEGICREGION_85"
	provinces={
		24 49 98 148 193 223 239 333 671 1131 1176 1294 1356 1445 1765 2038 2171 2401 2787 3089 3165 3328 3700 4210 4539 4563 4566 4594 4633 5147 5337 5357 6233 6644 6679 7512 7710 8199 8511 8556 8727 9142 9222 9637 9721 10546 10855 11604 11624 11999 12612 12659 12996 18810 18834 18877 18897 18942 18950 18974 18981 19006 19064 19080 19120 19121 19126 19156 19158 20138 20139 20354 20361 20365 20547 20548 20551 20558 20714 20715 20716 20717 20718 20721 20722 20730 20735 20737 20739 20744 20832 
	}
	weather={
	}
}
