
strategic_region={
	id=86
	name="STRATEGICREGION_86"
	provinces={
		225 274 281 376 432 513 614 649 755 910 1076 1083 1092 1193 1202 1367 1735 1866 1883 1938 2029 2118 2501 2563 2595 2917 2955 3007 3025 3048 3075 3110 3257 3511 3519 3539 3557 3756 3929 3979 4031 4185 4221 4346 4351 4365 4456 4463 4469 4885 4904 4923 4949 5061 5065 5069 5181 5522 5526 5765 5836 6297 6303 6328 6379 7096 7342 7435 7439 7459 7551 7623 7791 7835 7843 7953 8071 8273 8322 8593 8643 8688 8716 8726 8895 9149 9163 9308 9382 9387 9548 9812 9882 10464 10553 10605 10608 10628 10803 10935 10952 10984 11086 11147 11156 11295 12022 12117 12159 12605 12675 12844 12926 13071 13112 13296 13319 13461 13493 13500 18923 18936 18955 18956 18960 18988 18989 18992 19001 19011 19020 19028 19036 19041 19049 19053 19054 19062 19068 19075 19087 19098 19099 19101 19107 19123 19133 19139 19144 19152 19163 19165 19177 19184 19191 19197 19203 19204 19212 19228 19236 19249 19250 19255 19265 20375 20849 20850 20875 20877 20880 20882 20886 20887 
	}
	weather={
	}
}
