
strategic_region={
	id=87
	name="STRATEGICREGION_87"
	provinces={
		6 174 269 273 382 435 636 667 780 847 1073 1177 1211 1250 1284 1520 1601 1691 1807 1889 1916 1986 2302 2346 2385 2496 2507 2557 2643 2666 2678 2679 2723 2726 2774 2846 2857 2882 3000 3065 3097 3126 3143 3177 3255 3333 3391 3760 3777 3849 3924 3925 3996 4016 4068 4070 4118 4136 4155 4373 4389 4391 4397 4398 4506 4657 4787 4870 4910 5157 5173 5250 5261 5300 5317 5331 5360 5401 5475 5676 5803 5923 5982 6241 6311 6386 6486 6501 6506 6517 6573 6594 6611 6627 6685 6808 6831 6858 6863 6916 6941 7000 7014 7030 7337 7517 7559 7738 7740 7754 7862 7977 8005 8085 8163 8324 8361 8484 8489 8534 8608 8765 8813 8976 9046 9224 9233 9256 9267 9313 9325 9346 9384 9414 9439 9566 9661 9815 9828 9844 9942 9961 9973 10068 10100 10228 10259 10282 10378 10407 10662 10693 10728 10897 10976 10998 11074 11075 11084 11218 11230 11286 11301 11319 11322 11341 11411 11545 11653 11728 11771 11828 11837 11872 11912 11917 11973 12093 12247 12291 12318 12322 12332 12391 12423 12431 12444 12471 12473 12513 12564 12660 12811 12980 12991 13056 13070 13097 13165 13169 13347 13419 13434 13538 18363 18376 18430 18435 18453 18459 18479 18490 18502 18505 18509 18511 18530 18536 18546 18556 18577 18587 18591 18592 18593 18597 18614 18616 18621 18622 18623 18624 18633 18636 18638 18644 18648 18653 18657 18665 18669 18672 18675 18692 18693 18694 18695 18701 18702 18703 18708 18709 18712 18716 18719 18720 18726 18730 18733 18742 18745 18752 18759 18773 18774 18775 18778 18781 18786 18792 18800 18802 18811 18815 18835 18837 18840 18848 18849 18853 18857 18862 18884 18886 18889 18907 18911 18916 18930 18931 18937 18943 18946 18948 18957 18961 18972 18979 18982 18993 18999 19014 19026 19031 20153 20543 20552 20698 
	}
	weather={
	}
}
