
strategic_region={
	id=88
	name="STRATEGICREGION_88"
	provinces={
		101 143 198 276 291 305 476 587 940 979 985 1003 1303 1314 1416 1490 1645 1737 1749 1820 1848 1899 2025 2070 2169 2252 2303 2336 2376 2807 2856 3059 3061 3085 3222 3292 3361 3392 3421 3618 3882 3899 3951 3976 3982 4122 4215 4316 4387 4451 4482 4619 4694 4796 4800 4873 4986 4993 4994 5090 5172 5444 5504 5543 5557 5567 5569 5610 5629 5744 5748 5801 5868 5887 5939 5991 6084 6111 6141 6315 6357 6359 6371 6421 6423 6454 6568 6584 6593 6608 6682 6756 6779 6807 6988 7054 7201 7334 7377 7412 7486 7590 7663 7750 7837 7844 7854 7969 7998 8036 8134 8193 8219 8258 8330 8339 8483 8488 8599 8610 8779 8794 8862 8888 8962 9079 9084 9089 9169 9171 9206 9262 9266 9357 9539 9621 9638 9646 9715 9742 9787 9805 9853 9924 9936 9987 10250 10260 10308 10419 10533 10649 10658 10850 10862 10909 11018 11110 11112 11487 11495 11499 11541 11614 11629 11643 11910 11948 11988 12001 12057 12070 12074 12188 12202 12206 12230 12232 12290 12339 12341 12343 12373 12379 12385 12392 12452 12506 12565 12591 12592 12600 12667 12674 12756 12794 12826 12829 12830 12834 12861 12873 12909 12986 13062 13163 13185 13241 13287 13325 13335 13379 13388 13562 13582 13614 18309 18310 18326 18337 18348 18354 18356 18357 18364 18382 18390 18393 18397 18401 18408 18409 18421 18423 18428 18439 18442 18458 18463 18464 18466 18475 18486 18489 18493 18503 18504 18506 18512 18513 18514 18523 18527 18528 18535 18537 18550 18557 18559 18560 18565 18580 18582 18588 18595 18598 18600 18601 18606 18608 18626 18628 18645 18646 18651 18659 18660 18661 18667 18670 18676 18679 18684 18689 18699 18713 18724 18743 18744 18750 18753 18760 18776 18783 18784 18809 18813 18827 18843 18855 18861 18863 18864 18867 18870 18879 18903 18926 18927 18928 18932 18952 18970 18995 19012 19015 20333 20538 20539 20540 20700 20705 
	}
	weather={
	}
}
