
strategic_region={
	id=89
	name="STRATEGICREGION_89"
	provinces={
		39 113 119 134 167 363 402 446 533 599 617 635 750 989 1052 1212 1310 1327 1427 1604 1634 1672 1695 1705 2490 2511 2710 2854 3020 3113 3562 3619 3627 3662 3699 3705 3917 3934 3984 4050 4100 4206 4214 4452 4525 4628 4776 4853 4877 4962 5085 5108 5233 5386 5665 5903 5947 6017 6105 6538 6721 6854 7062 7130 7455 7536 7539 7548 7759 7782 7803 7806 7871 7924 8026 8130 8136 8363 8788 9049 9078 9119 9217 9294 9447 9553 9714 9874 9960 10127 10192 10205 10214 10623 10701 10770 10796 10844 10866 11042 11116 11124 11161 11167 11204 11373 11488 11764 11803 12008 12031 12033 12102 12137 12250 12483 12553 12619 12780 13103 13104 13232 13243 13528 13602 13685 18620 18630 18643 18647 18650 18652 18655 18656 18664 18678 18682 18687 18690 18691 18705 18721 18728 18732 18737 18748 18749 18758 18766 18769 18779 18782 18790 18794 18799 18805 18808 18819 18820 18822 18831 18841 18850 18878 18885 18891 18894 18900 18906 18925 18939 18967 18987 18991 19007 19019 19076 19132 20167 20344 20549 20710 20711 20712 20719 20720 20736 20738 20740 20741 20742 20743 20745 
	}
	weather={
	}
}
