
strategic_region={
	id=90
	name="STRATEGICREGION_90"
	provinces={
		275 665 880 971 1107 1123 1311 1540 1818 1980 1995 2049 2201 2294 2411 2417 2466 2517 2878 3006 3295 3367 3690 4088 4106 4158 4160 4203 4392 4472 4645 4766 4827 4895 5075 5320 5860 6001 6064 6153 6566 6908 6949 7037 7381 7780 7858 7880 7892 8154 8181 8337 8749 8797 8819 8825 9252 9493 9552 9838 9859 9972 10211 10307 10480 10853 10957 11098 11717 11725 11824 11863 12003 12408 12480 12732 12769 13107 13374 17621 17657 17676 17792 17812 17863 17883 17896 17908 17933 17950 17971 18020 18044 18104 18105 18120 18153 18156 18315 18316 18370 18384 18385 18433 18460 18472 18485 18499 18518 18532 18543 18544 18594 20799 20802 20819 20820 
	}
	weather={
	}
}
