
strategic_region={
	id=91
	name="STRATEGICREGION_91"
	provinces={
		58 425 730 849 868 892 1208 1337 1355 1431 1532 1550 1746 2007 2602 3342 3459 3584 3749 4443 5088 5107 5198 5430 5617 5805 6199 6212 6512 6588 7243 7452 7869 7983 8206 8238 8407 8444 8530 8573 8653 8659 8800 9072 9110 9120 9247 9263 9305 9506 9519 9610 9712 10131 10172 10266 10574 10586 10939 10994 11021 11260 11348 11350 11382 11402 11450 11456 11494 11577 11587 11612 11707 11763 11884 11970 12122 12251 12455 12871 13088 13297 13440 13483 13486 13558 13616 17551 17594 17661 17668 17699 17742 17761 17781 17815 17842 17846 17852 17853 17856 17874 17877 17884 17911 17972 17976 17985 18002 18010 18015 18018 18021 18049 18055 18061 18087 18125 18167 18177 18207 18224 18232 18254 18265 18282 18283 18294 18303 18312 18317 18340 18367 18403 18444 18473 18492 18520 18572 20635 20636 
	}
	weather={
	}
}
