
strategic_region={
	id=92
	name="STRATEGICREGION_92"
	provinces={
		4 909 923 992 1336 1614 1648 2212 2432 2438 2639 2640 2727 2939 3286 3552 3620 3855 3980 4000 4337 5166 5219 5223 5226 5481 5633 5716 5743 5796 5831 6078 6158 6243 6375 6595 6613 6767 6839 7183 7405 7735 7866 7884 8038 8110 8250 8463 8651 8778 8841 9201 9207 9363 9383 9515 9561 9755 9765 10116 10190 10230 10440 10508 10867 10931 11258 11448 11669 11714 11750 11825 12121 12448 12770 12915 12932 13115 13175 13336 13473 13608 13652 17598 17659 17689 17730 17754 17768 17769 17782 17793 17824 17890 17922 17936 17941 17957 17989 18026 18052 18079 18112 18126 18142 18161 18169 18218 18240 18249 18269 18300 18333 18343 18352 18361 18371 18374 18391 18405 18434 18474 18477 18480 18488 18500 18521 18522 18529 18545 18547 18551 18562 
	}
	weather={
	}
}
