
strategic_region={
	id=93
	name="STRATEGICREGION_93"
	provinces={
		3 166 455 529 607 816 1085 1237 1349 1433 1484 1651 1815 1990 2359 2412 2607 2813 2833 3362 3423 3764 4073 4131 4615 4623 4817 4880 4938 5083 5351 5423 5486 5550 5821 6040 6060 6075 6107 6523 6793 6915 7159 7591 7765 8148 8451 8506 8687 8708 8775 8835 8908 8994 9096 9121 9301 9385 9525 9662 9734 9820 9897 10052 10148 10153 10157 10198 10241 10376 10379 10403 10621 10687 10723 10880 10981 11231 11245 11331 11430 11538 11769 11911 12040 12084 12145 12172 12198 12297 12356 12363 12376 12472 12569 12624 12654 12806 12833 12885 12918 13016 13027 13048 13357 13375 13420 13568 13572 13638 13646 13677 17642 17649 17652 17662 17667 17680 17706 17717 17745 17771 17785 17821 17829 17834 17855 17857 17870 17872 17897 17901 17907 17927 17931 17937 17943 17952 17966 17980 17995 18003 18045 18080 18084 18088 18140 18154 18170 18212 18241 18243 18246 18289 18297 18313 18394 18398 18404 18437 18461 18469 18470 18501 18526 18575 18619 20146 20175 20335 20637 20638 20639 20640 20641 20643 20644 20679 
	}
	weather={
	}
}
