
strategic_region={
	id=94
	name="STRATEGICREGION_94"
	provinces={
		94 330 465 525 788 794 810 859 889 904 929 1300 1382 1492 1957 2216 2366 2584 3114 3326 3667 4015 4082 4176 4626 4697 4797 4883 4884 5238 5572 5697 5747 5810 6054 6185 6337 6448 6457 6940 7055 7095 7103 7321 7451 7546 7550 7601 7610 7688 7773 7792 7944 8121 8169 8182 8411 8423 8559 8628 8646 8741 8823 8857 8879 8923 9109 9437 9930 9940 10156 10240 10370 10544 10588 10635 10674 10737 10752 10781 10799 10841 10891 10929 10972 10991 11186 11254 11334 11383 11556 11663 11800 11932 11943 12081 12083 12349 12428 12502 12508 12731 12910 12941 12978 13023 13044 13219 13295 13355 13364 13425 13501 13550 13600 13622 17871 17878 17902 17913 17916 17932 17938 17946 17948 17959 17967 17977 17978 18004 18029 18030 18035 18036 18056 18060 18071 18089 18093 18102 18110 18117 18122 18130 18132 18144 18149 18171 18182 18184 18185 18219 18220 18221 18225 18244 18252 18253 18255 18256 18295 18304 18318 18324 18334 18362 18372 18377 18381 18395 18399 18411 18412 18415 18420 18429 18438 18441 18445 18452 18478 18484 18533 18540 18549 18563 18569 18581 18590 18599 18603 18635 18637 20542 20642 20673 
	}
	weather={
	}
}
