
strategic_region={
	id=95
	name="STRATEGICREGION_95"
	provinces={
		185 257 294 723 1081 1216 1363 1467 1487 1513 1817 2476 2870 2898 2992 3189 3201 3317 3483 3488 3534 3787 3955 3997 4121 4126 4342 4415 4429 4449 4500 4519 4562 4686 4731 4957 5022 5040 5047 5077 5283 5372 5474 5478 5533 5581 5632 5690 5720 5742 5764 5816 5825 5960 6072 6186 6211 6280 6293 6300 6411 6427 6477 6615 6622 6794 7122 7191 7203 7216 7221 7290 7331 7423 7434 7537 7668 7820 7941 7954 7964 8125 8260 8299 8544 8673 8768 8822 8871 8909 8949 9108 9175 9183 9327 9359 9542 9584 9626 9693 9875 9907 9939 9952 10046 10137 10264 10400 10540 10551 10604 10692 10744 10804 10822 10922 11004 11011 11034 11083 11191 11251 11330 11344 11374 11386 11401 11417 11517 11526 11608 11706 11786 11810 11811 11822 11888 11935 12002 12053 12088 12248 12254 12315 12323 12327 12364 12441 12453 12511 12520 12662 12705 12905 12913 12970 12993 13111 13137 13203 13217 13351 13399 13492 13518 13573 13598 13612 13615 13643 17836 17858 17860 17898 17903 17918 17919 17921 17939 17942 17954 17960 17961 17962 17963 17979 17981 17987 17990 17996 18001 18005 18006 18009 18011 18012 18022 18027 18037 18038 18039 18040 18050 18059 18062 18063 18067 18069 18072 18074 18081 18082 18090 18091 18098 18103 18106 18111 18113 18116 18121 18127 18131 18133 18134 18138 18145 18146 18151 18157 18158 18159 18160 18162 18165 18178 18180 18186 18187 18188 18191 18193 18194 18195 18198 18213 18222 18229 18230 18233 18235 18236 18247 18250 18261 18266 18272 18276 18277 18284 18298 18299 18301 18305 18306 18307 18308 18319 18321 18325 18336 18344 18346 18347 18349 18353 18373 18375 18378 18379 18388 18392 18396 18400 18406 18407 18413 18414 18416 18417 18424 18431 18446 18450 18457 18462 18471 18481 18534 18541 18564 18576 18579 20115 20257 20541 20670 20671 20672 20674 20699 
	}
	weather={
	}
}
