
strategic_region={
	id=96
	name="STRATEGICREGION_96"
	provinces={
		306 388 689 769 869 1000 1105 1207 1422 1424 1502 2024 2224 2322 2421 3119 3387 3427 3433 3479 3695 3868 4237 4504 4672 4806 4834 5211 5385 5458 5521 5548 5630 5900 6234 6434 6553 6728 6766 6866 6968 7036 7078 7184 7195 7292 7674 7736 7758 7965 8338 8424 8865 8979 8993 8997 9008 9081 9088 9095 9223 9505 9658 9743 9757 9868 9929 10003 10165 10336 11066 11125 11520 11638 11907 12469 12496 12666 12708 12817 12840 12865 12998 13046 13117 13160 13195 13407 13421 13442 15365 15382 15402 15414 15418 15432 15455 15461 15463 15488 15489 15493 15499 15518 15548 15561 15564 15572 15577 15580 15592 15598 15608 15620 15622 15636 15647 15672 15675 15677 15687 15717 15718 15727 15747 15748 15750 15769 15790 15809 15811 15812 15825 15832 15903 15947 15989 16035 16072 16081 20504 20585 20586 
	}
	weather={
	}
}
