
strategic_region={
	id=97
	name="STRATEGICREGION_97"
	provinces={
		172 176 245 260 317 383 427 655 829 963 969 1203 1309 1321 1375 1678 1932 1973 1982 2039 2190 2195 2667 2871 2899 2953 3339 3398 3422 3591 3658 3778 3842 4159 4354 4355 4395 4558 4583 4635 4703 4747 4785 4795 4801 5428 5441 5568 5757 5876 5993 6281 6395 6465 6598 6638 6730 6792 6997 7020 7061 7108 7306 7360 7446 7494 7696 7796 7889 7910 7948 7991 8098 8191 8245 8500 8660 8703 8707 8718 8740 8782 8872 8913 9011 9041 9055 9152 9165 9255 9356 9471 9526 9598 9641 9678 9727 9810 9830 9883 10119 10167 10360 10380 10404 10457 10484 10634 10680 10776 10818 10856 10869 10871 10944 11117 11140 11157 11172 11219 11522 11528 11544 11623 11732 11784 11785 11794 11931 12110 12157 12372 12380 12671 12688 12786 12799 12831 12886 13031 13050 13095 13236 13265 13371 13521 13595 13618 13748 16100 16156 16176 16177 16214 16224 16252 16289 16310 16316 16324 16327 16334 16347 16374 16405 16430 16450 16472 16473 16475 16479 16500 16502 16526 16527 16533 16535 16562 16564 16576 16584 16585 16599 16608 16631 16636 16637 16648 16660 16669 16670 16676 16680 16700 16719 16723 16724 16742 16756 16761 16773 16781 16791 16795 16805 16815 16829 16869 16875 16876 16881 16894 16919 16938 16941 16951 16977 16981 16984 16989 16999 17004 17053 20675 20676 20677 
	}
	weather={
	}
}
