
strategic_region={
	id=98
	name="STRATEGICREGION_98"
	provinces={
		139 702 765 772 941 1313 1359 1554 1568 1586 1700 1788 1847 2181 2318 2456 2987 3171 3415 3472 3564 3995 4009 4134 4164 4217 4258 4289 4300 4326 4552 4612 4833 5012 5274 5631 5794 6312 6647 6826 6841 6844 6899 6907 6972 7032 7284 7297 7322 7605 7745 7786 7809 7821 7833 7913 7945 7958 7970 8147 8223 8275 8296 8391 8455 8570 8632 8671 8694 8712 8936 9017 9033 9057 9369 9425 9556 9594 9627 9783 9962 10093 10130 10140 10209 10210 10289 10318 10366 10745 10772 10793 10848 10899 10980 11118 11169 11192 11215 11508 11632 11691 11758 11941 12097 12224 12282 12301 12630 12650 12783 13145 13316 13409 13427 13567 13660 15807 15815 15845 15865 15889 15902 15914 15941 15957 15978 15993 16000 16001 16005 16013 16025 16031 16038 16044 16045 16046 16049 16059 16060 16061 16071 16074 16076 16099 16103 16104 16105 16113 16117 16118 16124 16133 16137 16145 16149 16150 16155 16169 16175 16191 16192 16195 16196 16202 16205 16206 16213 16221 16222 16223 16235 16246 16258 16265 16269 16270 16294 16296 16302 16313 16320 16329 16341 16346 16352 16357 16365 16370 16377 16391 16402 16410 16413 16414 16424 16434 16469 16470 16489 16519 16528 16529 16536 16566 16592 16594 19372 20616 20617 20627 
	}
	weather={
	}
}
