
strategic_region={
	id=99
	name="STRATEGICREGION_99"
	provinces={
		705 1039 1110 1144 1472 1599 1654 2033 2268 2494 2577 2582 2617 3015 3026 3221 3239 3259 3403 3466 3605 3757 3761 3829 4322 4338 4371 4413 4685 4770 4956 5208 5376 5380 5877 5904 6258 6306 6432 6546 6582 7075 7083 7588 7633 7812 7951 8178 8276 8418 8576 8620 8650 8665 8889 9013 9043 9105 9350 9430 9435 9487 9545 9554 9668 9738 9758 9772 9862 9872 9909 9965 10087 10204 10295 10418 10807 10826 10861 10877 10921 11313 11391 11397 11586 11637 11739 11754 11797 12041 12046 12095 12270 12497 12528 12548 12643 12868 12890 12928 13166 13248 13356 13507 13593 13693 16966 17002 17024 17034 17036 17048 17064 17076 17079 17084 17090 17098 17130 17137 17144 17149 17151 17170 17175 17188 17191 17197 17198 17216 17218 17222 17231 17249 17255 17265 17267 17269 17278 17294 17299 17301 17305 17323 17324 17333 17334 17340 17343 17346 17356 17368 17373 17379 17383 17387 17408 17419 17433 17437 17442 17459 17474 17475 17488 17504 17508 17533 17541 17546 17556 17564 17565 17574 17595 17612 17616 20598 20601 20602 20631 20632 20633 20645 20646 20647 20648 20649 20650 20651 
	}
	weather={
	}
}
